,0,1,2,3,4,5
0,366.62133575024944,78.13655885920383,9345.670376336024,3296.85907281099,4.9842767141020365,2.2023494824992746
1,366.62133575024944,78.13655885920383,9345.670376336024,3296.85907281099,4.9842767141020365,2.2023494824992746
2,372.37129811389696,71.49468872285108,9319.817725076002,3376.5683167769234,4.85363849274639,2.0987831543803943
3,377.26543892872456,73.78342406640404,9440.260648471447,3338.7686921090763,4.751664588952801,2.3673464280461314
4,372.62373604993707,74.22090506447171,9399.371664928809,3251.8586577236442,4.751390512934941,2.255137093333951
5,372.62373604993707,74.22090506447171,9399.371664928809,3251.8586577236442,4.751390512934941,2.255137093333951
6,379.516119321484,70.35035145847549,9317.856138476183,3226.035234752831,4.8095559567188575,2.3842420109838907
7,379.516119321484,70.35035145847549,9317.856138476183,3226.035234752831,4.8095559567188575,2.3842420109838907
8,379.41818395560995,70.52952535057689,9313.597730309868,3335.3624763110174,4.579792844631714,2.589361062044617
9,379.41818395560995,70.52952535057689,9313.597730309868,3335.3624763110174,4.579792844631714,2.589361062044617
10,379.41818395560995,70.52952535057689,9313.597730309868,3335.3624763110174,4.579792844631714,2.589361062044617
11,387.4135061435611,72.74294673351835,9283.213007817636,3412.7439500763576,4.713362670873244,2.714419175166906
12,387.4135061435611,72.74294673351835,9283.213007817636,3412.7439500763576,4.713362670873244,2.714419175166906
13,377.2312534106858,72.617522149625,9239.556068132551,3152.8818910583423,4.852678185287891,2.2961924913401006
14,377.2312534106858,72.617522149625,9239.556068132551,3152.8818910583423,4.852678185287891,2.2961924913401006
15,377.2312534106858,72.617522149625,9239.556068132551,3152.8818910583423,4.852678185287891,2.2961924913401006
16,377.3185968667991,73.31386273100036,9430.291736295549,3141.772015060816,4.89652145427881,2.579988330308042
17,374.34808278302495,73.87087789189178,9430.655730632801,3184.068053629292,4.966124924432356,2.9133140156908888
18,378.47102688701466,70.43633602318047,9431.154330580659,3096.1089347140255,4.9395870425474095,3.2357453520176285
19,378.47102688701466,70.43633602318047,9431.154330580659,3096.1089347140255,4.9395870425474095,3.2357453520176285
20,378.47102688701466,70.43633602318047,9431.154330580659,3096.1089347140255,4.9395870425474095,3.2357453520176285
21,384.90801009624823,73.34613117652648,9530.707246459751,3028.562234870393,4.525946640484871,3.1143230872398457
22,384.90801009624823,73.34613117652648,9530.707246459751,3028.562234870393,4.525946640484871,3.1143230872398457
23,384.90801009624823,73.34613117652648,9530.707246459751,3028.562234870393,4.525946640484871,3.1143230872398457
24,384.90801009624823,73.34613117652648,9530.707246459751,3028.562234870393,4.525946640484871,3.1143230872398457
25,384.90801009624823,73.34613117652648,9530.707246459751,3028.562234870393,4.525946640484871,3.1143230872398457
26,384.90801009624823,73.34613117652648,9530.707246459751,3028.562234870393,4.525946640484871,3.1143230872398457
27,378.6051633921725,78.07401092644197,9541.548446429222,3109.5533945461584,4.772273757632274,3.1482694430703138
28,373.21024224953266,80.63655507749081,9612.86165880823,3177.8720158601923,4.920625506786741,3.2903594609459157
29,373.21024224953266,80.63655507749081,9612.86165880823,3177.8720158601923,4.920625506786741,3.2903594609459157
30,373.21024224953266,80.63655507749081,9612.86165880823,3177.8720158601923,4.920625506786741,3.2903594609459157
31,377.16760594247836,83.66465550311668,9614.539254293433,3123.220966794843,4.629895076911022,3.423655205229858
32,377.16760594247836,83.66465550311668,9614.539254293433,3123.220966794843,4.629895076911022,3.423655205229858
33,377.16760594247836,83.66465550311668,9614.539254293433,3123.220966794843,4.629895076911022,3.423655205229858
34,377.16760594247836,83.66465550311668,9614.539254293433,3123.220966794843,4.629895076911022,3.423655205229858
35,377.16760594247836,83.66465550311668,9614.539254293433,3123.220966794843,4.629895076911022,3.423655205229858
36,377.16760594247836,83.66465550311668,9614.539254293433,3123.220966794843,4.629895076911022,3.423655205229858
37,377.16760594247836,83.66465550311668,9614.539254293433,3123.220966794843,4.629895076911022,3.423655205229858
38,377.16760594247836,83.66465550311668,9614.539254293433,3123.220966794843,4.629895076911022,3.423655205229858
39,376.95168307068536,85.61031945768367,9550.266239925208,3067.0731419054487,4.570361769416765,3.401872306157715
40,381.8904128895092,83.16817581876133,9593.345089380904,3006.2515664632065,4.557280498025217,2.942148471450515
41,381.8904128895092,83.16817581876133,9593.345089380904,3006.2515664632065,4.557280498025217,2.942148471450515
42,375.4533801812828,82.46275077673492,9815.222384387724,3055.693811358174,3.5790544901070893,3.922698932469004
43,375.4533801812828,82.46275077673492,9815.222384387724,3055.693811358174,3.5790544901070893,3.922698932469004
44,375.4533801812828,82.46275077673492,9815.222384387724,3055.693811358174,3.5790544901070893,3.922698932469004
45,361.1932657990508,86.45135724078429,9735.2655827204,3571.687037700842,2.1996112161682215,4.972004162303621
46,361.1932657990508,86.45135724078429,9735.2655827204,3571.687037700842,2.1996112161682215,4.972004162303621
47,361.1932657990508,86.45135724078429,9735.2655827204,3571.687037700842,2.1996112161682215,4.972004162303621
48,358.24471074230695,86.18650066122936,9758.0052482971,3485.98708194186,2.0842947956320206,4.856715106160917
49,392.15476492321534,73.37005779947638,9648.183817955367,3600.474023492623,3.125579523094188,4.520868199448451
50,392.15476492321534,73.37005779947638,9648.183817955367,3600.474023492623,3.125579523094188,4.520868199448451
51,343.18573085918274,101.05739832341314,9644.016647515686,3770.354351266344,1.8698719702989826,3.7166865950386048
52,350.48202675451864,99.3101876871009,9636.509697188016,3689.140377295413,2.068627782285837,3.797618534420407
53,351.52940577433344,103.45655666498695,9675.627089343396,3697.5319127388693,2.2269318703690635,3.7530204772003057
54,355.93388865996536,110.41043891904633,9782.331300017866,3537.885205390438,2.1903490619629467,3.8154080565002237
55,340.2332849643283,127.4103804420034,9863.222999959067,3382.6730323891047,0.21048184849592616,3.221020075359372
56,349.1943089020234,122.3004608717549,9908.123758447846,3384.2426008217262,0.7171049089271647,3.6875682482727403
57,349.1943089020234,122.3004608717549,9908.123758447846,3384.2426008217262,0.7171049089271647,3.6875682482727403
58,349.1943089020234,122.3004608717549,9908.123758447846,3384.2426008217262,0.7171049089271647,3.6875682482727403
59,344.73910584513015,110.55482018340066,9968.14398292321,3442.203227633547,0.6928173947879407,4.051255694954851
60,333.9891252374327,107.25023524493815,9932.562177027632,3457.347109932611,1.1618421982814306,3.9961134338028907
61,333.9891252374327,107.25023524493815,9932.562177027632,3457.347109932611,1.1618421982814306,3.9961134338028907
62,333.9891252374327,107.25023524493815,9932.562177027632,3457.347109932611,1.1618421982814306,3.9961134338028907
63,333.9891252374327,107.25023524493815,9932.562177027632,3457.347109932611,1.1618421982814306,3.9961134338028907
64,336.11592578752516,100.90085174446543,9983.762814681015,3507.896563932123,0.6532444254591454,4.112777272547886
65,336.11592578752516,100.90085174446543,9983.762814681015,3507.896563932123,0.6532444254591454,4.112777272547886
66,333.6189046554447,92.22063743778855,9783.288559293167,3469.633773616055,0.4805418244635815,3.9268569117096677
67,333.6189046554447,92.22063743778855,9783.288559293167,3469.633773616055,0.4805418244635815,3.9268569117096677
68,333.6189046554447,92.22063743778855,9783.288559293167,3469.633773616055,0.4805418244635815,3.9268569117096677
69,331.37723856054015,91.79347403573951,9692.389967357827,3338.340320423369,0.463443928387856,3.8311459093158695
70,330.2715869989385,90.2975154359651,9734.194509791849,3216.965677033218,0.34640322062078843,3.482006747799089
71,330.2715869989385,90.2975154359651,9734.194509791849,3216.965677033218,0.34640322062078843,3.482006747799089
72,330.2715869989385,90.2975154359651,9734.194509791849,3216.965677033218,0.34640322062078843,3.482006747799089
73,330.2715869989385,90.2975154359651,9734.194509791849,3216.965677033218,0.34640322062078843,3.482006747799089
74,330.2715869989385,90.2975154359651,9734.194509791849,3216.965677033218,0.34640322062078843,3.482006747799089
75,337.346586642439,90.44185231657917,9620.621812536221,3128.170658586799,0.12966491420244372,3.782745617074219
76,341.1239747308554,100.9759239906796,9683.359975532127,4409.208289533117,0.6153036427976976,2.33136739077142
77,341.1239747308554,100.9759239906796,9683.359975532127,4409.208289533117,0.6153036427976976,2.33136739077142
78,344.64302717157966,100.09799855081255,9664.66445015484,4364.332393579543,0.6722522688979485,2.811072031544216
79,344.13707924695194,104.99261064970088,9770.237105134644,4331.145672880944,0.9617293324676575,3.001460198813542
80,344.4596890513619,96.87073565717867,9796.41520706343,4386.6295820683745,0.8543661978176684,3.2933495179677355
81,349.100111907921,104.13052573111119,9819.930635801418,4269.045762755941,0.6984093753462061,3.2636600782971037
82,349.100111907921,104.13052573111119,9819.930635801418,4269.045762755941,0.6984093753462061,3.2636600782971037
83,349.100111907921,104.13052573111119,9819.930635801418,4269.045762755941,0.6984093753462061,3.2636600782971037
84,354.7593029797802,103.44552840212825,9810.882820558547,4187.642716644148,0.6826690225284126,3.032226486998139
85,354.7593029797802,103.44552840212825,9810.882820558547,4187.642716644148,0.6826690225284126,3.032226486998139
86,356.11051810395367,102.8538436940104,9986.411224406125,4205.925884041272,0.6116637240074505,3.0913462471782696
87,356.11051810395367,102.8538436940104,9986.411224406125,4205.925884041272,0.6116637240074505,3.0913462471782696
88,356.11051810395367,102.8538436940104,9986.411224406125,4205.925884041272,0.6116637240074505,3.0913462471782696
89,356.11051810395367,102.8538436940104,9986.411224406125,4205.925884041272,0.6116637240074505,3.0913462471782696
90,356.11051810395367,102.8538436940104,9986.411224406125,4205.925884041272,0.6116637240074505,3.0913462471782696
91,354.6964089492994,96.85468686859943,9922.46531097693,4087.2909570126358,0.5733569651798273,3.123000389946524
92,361.00092172974354,92.16303561189594,9914.48619182762,4055.205676063895,0.15788018698151007,3.2651746066296625
93,361.00092172974354,92.16303561189594,9914.48619182762,4055.205676063895,0.15788018698151007,3.2651746066296625
94,361.00092172974354,92.16303561189594,9914.48619182762,4055.205676063895,0.15788018698151007,3.2651746066296625
95,361.00092172974354,92.16303561189594,9914.48619182762,4055.205676063895,0.15788018698151007,3.2651746066296625
96,354.7553961286675,86.96490667066884,9949.403972757074,4055.708020131892,0.10375944591469341,3.2642432625769695
97,348.3453951412344,85.99471468801079,9909.802782889352,4234.828790505953,0.25412680471768945,3.3978156993271433
98,348.3453951412344,85.99471468801079,9909.802782889352,4234.828790505953,0.25412680471768945,3.3978156993271433
99,361.8309520530396,77.6798379941456,9899.74702247055,4361.425626351608,0.2460245434674682,3.5355179173402007
100,361.8309520530396,77.6798379941456,9899.74702247055,4361.425626351608,0.2460245434674682,3.5355179173402007
101,361.8309520530396,77.6798379941456,9899.74702247055,4361.425626351608,0.2460245434674682,3.5355179173402007
102,340.09774977068895,102.06050333209834,9312.54848923895,3369.7972616900606,0.8128808481951865,3.337283346187297
103,355.79482359560956,127.67289382780054,9986.910280724649,3485.2035306863186,1.0406062937240323,3.8083713117183784
104,355.79482359560956,127.67289382780054,9986.910280724649,3485.2035306863186,1.0406062937240323,3.8083713117183784
105,347.475991700235,131.04899074717017,9926.524256753537,3228.668712045493,1.1004778604393608,4.585313492190096
106,352.0130111864168,125.71937786923364,9843.494803649724,3115.544652025008,1.2579115234713765,4.469452779057932
107,348.906718001589,126.7474667031211,9920.902414524187,3140.0467704970165,1.467203791841932,4.649474468292544
108,348.906718001589,126.7474667031211,9920.902414524187,3140.0467704970165,1.467203791841932,4.649474468292544
109,343.48210698332576,126.0710333825334,9927.615328854856,3049.6427371082996,1.9879371567678967,4.692759708467917
110,343.48210698332576,126.0710333825334,9927.615328854856,3049.6427371082996,1.9879371567678967,4.692759708467917
111,343.48210698332576,126.0710333825334,9927.615328854856,3049.6427371082996,1.9879371567678967,4.692759708467917
112,344.8116230529683,122.40333251329716,9963.339742226102,3149.5996669119686,2.20683976321805,4.2039949497047004
113,339.8056765881759,126.27901731463356,9917.800018274706,3090.9348869606038,1.7136514207960298,4.621875046327907
114,336.44812171160254,120.17307446525825,9811.375695682575,3018.798803291435,2.0865935738460153,4.7215028489829365
115,332.52053672335165,123.32081912426158,9867.96934400027,3197.449332192534,1.876665204469697,4.524705346088681
116,332.29654369411594,117.2805383769536,9920.736867554739,3057.0512730732653,2.1354157821312882,4.782424174609682
117,332.29654369411594,117.2805383769536,9920.736867554739,3057.0512730732653,2.1354157821312882,4.782424174609682
118,332.29654369411594,117.2805383769536,9920.736867554739,3057.0512730732653,2.1354157821312882,4.782424174609682
119,332.29654369411594,117.2805383769536,9920.736867554739,3057.0512730732653,2.1354157821312882,4.782424174609682
120,332.29654369411594,117.2805383769536,9920.736867554739,3057.0512730732653,2.1354157821312882,4.782424174609682
121,332.29654369411594,117.2805383769536,9920.736867554739,3057.0512730732653,2.1354157821312882,4.782424174609682
122,332.29654369411594,117.2805383769536,9920.736867554739,3057.0512730732653,2.1354157821312882,4.782424174609682
123,332.29654369411594,117.2805383769536,9920.736867554739,3057.0512730732653,2.1354157821312882,4.782424174609682
124,332.29654369411594,117.2805383769536,9920.736867554739,3057.0512730732653,2.1354157821312882,4.782424174609682
125,336.1883652805194,115.1192443024685,9904.977361756577,3034.732011614223,2.109691058196298,4.947233784924689
126,336.1883652805194,115.1192443024685,9904.977361756577,3034.732011614223,2.109691058196298,4.947233784924689
127,336.1883652805194,115.1192443024685,9904.977361756577,3034.732011614223,2.109691058196298,4.947233784924689
128,336.1883652805194,115.1192443024685,9904.977361756577,3034.732011614223,2.109691058196298,4.947233784924689
129,331.13823898256567,118.66228138284393,9916.531542713728,3094.100276859261,2.235527943008564,4.724530898290065
130,331.13823898256567,118.66228138284393,9916.531542713728,3094.100276859261,2.235527943008564,4.724530898290065
131,331.13823898256567,118.66228138284393,9916.531542713728,3094.100276859261,2.235527943008564,4.724530898290065
132,331.13823898256567,118.66228138284393,9916.531542713728,3094.100276859261,2.235527943008564,4.724530898290065
133,336.8658616098434,120.91856222024225,9936.54327759332,3094.535402803234,2.3225411283813377,4.703950104639887
134,336.8658616098434,120.91856222024225,9936.54327759332,3094.535402803234,2.3225411283813377,4.703950104639887
135,336.8658616098434,120.91856222024225,9936.54327759332,3094.535402803234,2.3225411283813377,4.703950104639887
136,336.8658616098434,120.91856222024225,9936.54327759332,3094.535402803234,2.3225411283813377,4.703950104639887
137,336.8658616098434,120.91856222024225,9936.54327759332,3094.535402803234,2.3225411283813377,4.703950104639887
138,346.5054610337881,97.63005556233213,9768.050364580648,3110.8757241088374,1.5903283912015562,4.972110953857308
139,343.10141591334815,93.86426740212113,9699.17050188697,3194.6753392408114,2.0282933419540004,4.989402499727337
140,343.10141591334815,93.86426740212113,9699.17050188697,3194.6753392408114,2.0282933419540004,4.989402499727337
141,343.55940750901914,94.90173844913951,9752.750257906997,3184.35594531888,1.8102239128209299,4.877652884991865
142,349.7174637613833,92.02550505544056,9791.67142754185,3198.68549734184,2.2139884534156473,4.590254870173999
143,349.7174637613833,92.02550505544056,9791.67142754185,3198.68549734184,2.2139884534156473,4.590254870173999
144,365.03350248167317,84.14601883177698,9860.79499728299,3344.9233837989877,1.8412746469089234,4.615474047933725
145,369.1811155346726,91.3051712836262,9885.44613708722,3473.956585895912,1.9925321135049265,4.354504355006012
146,370.6441942557257,86.47024706634915,9831.692262059067,3417.7574995554187,2.282284375067575,4.565956920599686
147,370.6441942557257,86.47024706634915,9831.692262059067,3417.7574995554187,2.282284375067575,4.565956920599686
148,371.91399957797347,86.91828075777258,9649.348002299017,3511.039100522469,2.3161249457312536,4.496069839892834
149,371.60422454166934,89.9642447511783,9663.078068514971,3282.44024139827,2.097859573455881,4.167878617932346
150,354.38007111959064,100.77242085822937,9642.246513799122,3253.019279746763,0.8286979809876973,3.3912471343834363
151,355.96722506166543,101.44917415116551,9594.459745023456,3205.3716002682713,0.9056171557484465,3.4925007257159857
152,355.96722506166543,101.44917415116551,9594.459745023456,3205.3716002682713,0.9056171557484465,3.4925007257159857
153,358.3573155614517,99.48002879826379,9648.9175100906,3231.443789453156,0.8243119593838583,3.5061958819783747
154,357.0626600330473,97.12885059808988,9769.950844493029,3321.025237342858,1.0582305399704004,3.7919446074027925
155,357.0626600330473,97.12885059808988,9769.950844493029,3321.025237342858,1.0582305399704004,3.7919446074027925
156,357.0626600330473,97.12885059808988,9769.950844493029,3321.025237342858,1.0582305399704004,3.7919446074027925
157,355.45799848247754,95.66798405337177,9857.951654647393,3294.7924103226865,1.0580733303378684,3.722684553430472
158,366.2726910392379,100.88375320613548,9900.26306586929,3409.7460552561724,1.3473106115823281,3.560864013586883
159,381.0619726004334,101.51207079013184,9812.253321504631,3277.7213611681123,1.5422893941519185,3.292230410478964
160,377.98120605075854,103.1312870586533,9808.778057214151,3173.018372218745,1.4932409018677577,3.357462718584504
161,380.39379332329037,105.50759648362148,9408.007796267542,3235.0729863839015,0.19885157918191035,1.827951203644668
162,387.2490028992868,110.57713806540006,9557.596687241841,3289.4724746123447,0.6480098824287959,1.9999669598885579
163,382.1585078924654,109.74778013606468,9367.805971517495,3359.618601604039,0.690923169830576,2.6103891696851167
164,382.1585078924654,109.74778013606468,9367.805971517495,3359.618601604039,0.690923169830576,2.6103891696851167
165,382.1585078924654,109.74778013606468,9367.805971517495,3359.618601604039,0.690923169830576,2.6103891696851167
166,384.5327478822288,109.33107939268618,9383.321513227089,3361.2768232840335,0.36052132865167963,2.425509625692974
167,387.2287442545928,111.5483341598788,9218.287114996594,3127.0183041234077,0.7031143809016082,2.742266317104649
168,392.86675887408956,107.33067264860102,9344.035052450707,3236.47325860312,0.9866063528327448,2.7434010095018717
169,379.67577767027194,108.43237925958354,9303.799177293078,3448.8606133576563,0.8569529129582731,2.8435557514408583
170,374.44649679410236,101.09019505289736,9309.352808648935,3174.6838407333253,0.6790680785979563,2.7065865626427046
171,367.6096889120959,101.42720282539383,9218.076103124586,3153.9602246643917,0.5136598290686759,2.7403393852941083
172,370.3167397828549,94.11066876152663,9336.130973521938,3237.5144277077993,0.7308591859265797,3.1226385775633982
173,369.3010296185835,94.22648662137365,9346.250366874727,3213.773282548569,0.8280608374144101,3.2951658575074276
174,369.3010296185835,94.22648662137365,9346.250366874727,3213.773282548569,0.8280608374144101,3.2951658575074276
175,371.3150345232356,94.03840625816763,9348.587493055118,3260.2857943939694,0.8479551854253238,3.4337481708165
176,350.1058316111819,92.04978115899394,9897.988562093626,3744.538312455632,0.9512735806375227,4.343836267018704
177,354.8821583541609,95.54982543758156,9933.090091724698,3814.832576171197,1.2101077832954197,4.517177381552364
178,354.8821583541609,95.54982543758156,9933.090091724698,3814.832576171197,1.2101077832954197,4.517177381552364
179,360.79249629461253,95.66973909147974,9890.516202770163,3892.620590482357,0.9384120275825405,4.298677442020224
180,364.02787525071363,88.71553584871998,9856.50959551235,4046.726800898279,0.9839275385568425,4.346923741188097
181,364.02787525071363,88.71553584871998,9856.50959551235,4046.726800898279,0.9839275385568425,4.346923741188097
182,363.28983045030867,74.22356553774043,9403.275715338532,4827.345091612656,0.30873786599594555,3.392703771927514
183,372.4711921481508,75.52547338274863,9398.540165168353,4722.065116101,0.15488703697362513,3.2721326082754403
184,372.4711921481508,75.52547338274863,9398.540165168353,4722.065116101,0.15488703697362513,3.2721326082754403
185,376.82075308054766,73.94331894967418,9369.328049141062,4682.016158117243,0.23474455704569097,3.4867651926425087
186,371.807020902459,76.26989346331094,9377.808501215064,4579.672184398949,0.7339424557470071,3.5577701726803603
187,367.1957496323141,80.46030085903729,9265.661896912075,4499.823018570793,0.8621205193492469,3.675291081224176
188,330.7771462247835,80.74128991353669,9708.206660758575,4847.4700469698,1.277048409035085,3.947081484937082
189,330.7771462247835,80.74128991353669,9708.206660758575,4847.4700469698,1.277048409035085,3.947081484937082
190,330.7771462247835,80.74128991353669,9708.206660758575,4847.4700469698,1.277048409035085,3.947081484937082
191,330.7771462247835,80.74128991353669,9708.206660758575,4847.4700469698,1.277048409035085,3.947081484937082
192,330.7771462247835,80.74128991353669,9708.206660758575,4847.4700469698,1.277048409035085,3.947081484937082
193,331.9273390509862,74.38294325223106,9696.17423476729,4921.9956888225315,1.3272338520414708,3.675066370464904
194,332.2818515081315,73.55548804659347,9678.404323579345,4879.09316773251,0.7727206341961426,3.8094248120852385
195,330.7404897883291,72.38033728650878,9607.272628758681,4857.514548508378,0.9507781543872643,4.2129682761250375
196,330.7404897883291,72.38033728650878,9607.272628758681,4857.514548508378,0.9507781543872643,4.2129682761250375
197,330.7404897883291,72.38033728650878,9607.272628758681,4857.514548508378,0.9507781543872643,4.2129682761250375
198,343.410130783054,71.02393697250712,9692.573281531391,4841.392718453955,0.7005018331876607,3.7786936639128617
199,343.410130783054,71.02393697250712,9692.573281531391,4841.392718453955,0.7005018331876607,3.7786936639128617
200,348.1205371907253,70.18896786355306,9687.063081391738,4902.302133329696,0.6174206082771739,4.062232373676128
201,348.1205371907253,70.18896786355306,9687.063081391738,4902.302133329696,0.6174206082771739,4.062232373676128
202,348.1205371907253,70.18896786355306,9687.063081391738,4902.302133329696,0.6174206082771739,4.062232373676128
203,348.1205371907253,70.18896786355306,9687.063081391738,4902.302133329696,0.6174206082771739,4.062232373676128
204,348.1205371907253,70.18896786355306,9687.063081391738,4902.302133329696,0.6174206082771739,4.062232373676128
205,348.1205371907253,70.18896786355306,9687.063081391738,4902.302133329696,0.6174206082771739,4.062232373676128
206,348.1205371907253,70.18896786355306,9687.063081391738,4902.302133329696,0.6174206082771739,4.062232373676128
207,348.8498555405182,71.43202428189626,9744.068924509087,4839.200735687669,0.4336313780998494,3.7787758563849314
208,348.8498555405182,71.43202428189626,9744.068924509087,4839.200735687669,0.4336313780998494,3.7787758563849314
209,348.8498555405182,71.43202428189626,9744.068924509087,4839.200735687669,0.4336313780998494,3.7787758563849314
210,348.8498555405182,71.43202428189626,9744.068924509087,4839.200735687669,0.4336313780998494,3.7787758563849314
211,348.8498555405182,71.43202428189626,9744.068924509087,4839.200735687669,0.4336313780998494,3.7787758563849314
212,346.49482460214233,75.83498840237033,9831.775251933657,4785.157383956373,0.2605427620172689,3.664484638710784
213,346.49482460214233,75.83498840237033,9831.775251933657,4785.157383956373,0.2605427620172689,3.664484638710784
214,382.09185663070497,78.70745018143501,9955.241677454253,4654.990909194417,1.8972191710446604,3.9166216747001448
215,385.21293699463513,77.80388418066369,9870.24184224534,4596.064976461799,1.8698980083374752,3.8593531003765356
216,385.28811477276906,78.0145228184741,9880.56675683914,4483.553496582061,1.908759044992897,3.940393999956675
217,389.27534576616955,76.8805948575855,9873.605892700903,4437.078362787495,2.21358008092247,4.0020355181938605
218,359.72435926750643,70.94454752125527,9506.993070382594,4352.316590779595,3.326612845442509,1.0901365864652597
219,356.7939208828695,72.75322155113281,9441.613730740954,4438.95984249529,3.144021978833141,1.278300021167564
220,351.5470872229655,74.38300741782135,9295.919767115798,3822.429661646051,4.089182279335481,2.707294670790904
221,351.5470872229655,74.38300741782135,9295.919767115798,3822.429661646051,4.089182279335481,2.707294670790904
222,346.0614751967649,74.5131210178258,9380.003368517984,3906.9002895009444,4.341399364208762,2.373116190248855
223,337.06808001514435,90.63187929841922,9185.470836419436,4458.663683831779,3.003641938324645,2.304563674223838
224,371.90874010574885,72.58121059952497,8804.5491286606,3477.2563822777333,3.0216465936101176,2.005251230229065
225,362.3497971808947,74.43897067237867,8773.047191947011,3333.5600754565744,3.468385820485867,2.1569880107590413
226,347.6467509650613,81.76815965387657,9402.817194718751,3096.848988203743,3.9392022423136277,3.6544616314799674
227,351.24830852102707,84.64597190113379,9372.619407668397,3120.8964473688793,4.521108703395718,3.285987062379872
228,356.19496951873526,70.97824950920639,9339.902540819532,3188.015051191729,3.515633618947096,3.7428879700543596
229,356.19496951873526,70.97824950920639,9339.902540819532,3188.015051191729,3.515633618947096,3.7428879700543596
230,356.19496951873526,70.97824950920639,9339.902540819532,3188.015051191729,3.515633618947096,3.7428879700543596
231,348.27579074018075,75.57660557436438,9298.764684436355,3157.6198777849786,3.468360068048867,4.107820055700748
232,348.27579074018075,75.57660557436438,9298.764684436355,3157.6198777849786,3.468360068048867,4.107820055700748
233,355.26365968453143,77.38322703203609,9364.822867600182,3139.9804911678402,3.491885589130227,4.02612438280304
234,336.15594119829694,85.3330743413619,9538.661893164293,3104.566348307223,3.532356311029427,4.685296477600389
235,336.15594119829694,85.3330743413619,9538.661893164293,3104.566348307223,3.532356311029427,4.685296477600389
236,340.585155284216,80.37533959883346,9379.679139101516,3168.761714175469,3.3213287858348504,4.586069393952952
237,344.5862639124627,76.97106957747057,9403.361110907483,3130.280172300863,3.5961999166405945,4.201566973185281
238,343.47841697723527,80.48466860816107,9413.439486767254,3258.781534741772,3.3628324314972278,4.011450042767027
239,344.36169643175634,80.59589424056615,9325.685246952948,3097.844055647086,3.4380492574751655,4.10656567333904
240,344.36169643175634,80.59589424056615,9325.685246952948,3097.844055647086,3.4380492574751655,4.10656567333904
241,335.649449243888,81.2637896694474,9408.399729879467,3117.000262373927,3.397636255238015,3.8561387401040133
242,344.55217687093665,82.59430628148344,9393.847125594237,3084.250362522068,3.477090927336352,4.187735665862506
243,343.72280117453505,82.0282786986205,9462.70997057245,3238.5236799983777,3.5924990336092795,4.2102917547922365
244,356.658557971519,80.7692952303999,9466.979372031326,3144.3794974751427,3.885023296422689,4.2266171461384205
245,361.13806145051,75.85025843733884,9566.706131931129,3112.5773985155733,4.280688213747428,4.351614908852608
246,367.8079008802366,76.83568484160543,9511.694827051022,3119.0203143053914,3.8584953054618407,4.388860184976184
247,357.3861651012555,74.1935807841594,9574.425695016052,3228.9213018945734,3.7742797143145896,4.248205051641788
248,358.9714366395933,78.19604533499695,9592.628678927182,3256.55331973057,3.9988486353540127,4.430368426124048
249,365.47168169267246,74.22151577446984,9415.155657232843,3348.3984641969337,3.9933542921690757,4.247045916159735
250,343.6136365007566,70.79798775453406,9343.999389855337,4194.490165784993,3.6105705463246003,1.0387434229815686
251,372.73544245463154,81.39846661190008,9749.354654834484,3875.805185345009,3.805408864327202,3.2650855030411297
252,369.4758982948143,82.01771635111507,9636.10329476105,3930.977510425085,3.636688139948187,2.5526212444108216
253,363.93668910503237,85.05274485786055,9695.17908408239,3759.3849901929793,3.8024884591347345,2.40461206870225
254,371.034669328013,76.99613099862248,9859.803955753729,3576.1500173115614,2.8842717822269837,3.6005559386673816
255,370.63423179356545,81.51964245688026,9414.81237370498,4027.486426708955,3.3939208475153855,2.7189259366589793
256,352.77448758849727,91.45830855526285,9219.584062445601,4105.19716213877,3.7831953603730435,4.714011471131915
257,362.08911222320506,89.31952573990469,9324.630788790022,4132.0105225638,3.413154192637322,4.740395448930016
258,369.5915559934473,88.41046610061133,9399.717111902097,3929.2724441525106,3.455652332134418,4.384067791662865
259,378.0178309351101,90.35030393051109,9373.399077776981,3836.098809342306,3.916599197049929,4.301671193806243
260,374.2909752388374,86.59401325183391,9379.766177835792,3789.118513246368,4.006839364149849,4.219675750794485
261,358.00305109036634,70.88082672779672,8840.031643155422,4051.511463953808,1.7296597707646264,4.074748953740397
262,362.2519468577292,74.94446999342614,8940.228301207286,3972.0784305111,1.4969797226713393,4.848302942712299
263,354.2274422132039,74.7034118326181,8941.581632358588,3968.7706632311565,1.6903550107550036,4.849071120760044
264,354.2274422132039,74.7034118326181,8941.581632358588,3968.7706632311565,1.6903550107550036,4.849071120760044
265,351.371860224176,79.53399038856223,9034.423398448338,3972.6394095775945,1.7937293517742594,4.924539234048814
266,349.57901075470147,80.08539379613418,8864.788065572084,4020.5743922510537,1.9304214950666372,4.977573211862976
267,349.57901075470147,80.08539379613418,8864.788065572084,4020.5743922510537,1.9304214950666372,4.977573211862976
268,349.51391778317463,81.80321044653647,8769.38124258442,3973.048940989803,1.7438657970453935,4.997170461178548
269,343.0985801924069,78.87678333589699,8973.78125969784,4007.3066825777546,2.12669209308639,4.547731772403324
270,340.7243691659076,74.85236199465284,9057.193162578813,3953.236828972907,2.403780602487074,4.657015775144837
271,340.7243691659076,74.85236199465284,9057.193162578813,3953.236828972907,2.403780602487074,4.657015775144837
272,342.47977595341075,74.10133449000676,9214.082196253992,3914.0662175236735,2.694655003367058,4.56378106832878
273,342.47977595341075,74.10133449000676,9214.082196253992,3914.0662175236735,2.694655003367058,4.56378106832878
274,342.47977595341075,74.10133449000676,9214.082196253992,3914.0662175236735,2.694655003367058,4.56378106832878
275,346.83820857056423,79.17208522855856,9326.769489432778,3880.42199493582,2.6456479754519884,4.94451863169053
276,346.83820857056423,79.17208522855856,9326.769489432778,3880.42199493582,2.6456479754519884,4.94451863169053
277,346.83820857056423,79.17208522855856,9326.769489432778,3880.42199493582,2.6456479754519884,4.94451863169053
278,348.6507129464242,82.42997071347527,9355.313324115688,3964.467157620216,2.282742996587278,4.797434018700576
279,359.97139520356535,72.49501340279937,9370.510366741184,3944.231509238667,2.511005578643048,4.552398166438298
280,359.97139520356535,72.49501340279937,9370.510366741184,3944.231509238667,2.511005578643048,4.552398166438298
281,341.4903443203599,74.1009053783849,9813.680271483956,3801.2482243395693,3.6553541549340274,4.039174755540628
282,343.3909886348423,73.74122935848935,9864.213476476989,4041.4127296842835,3.9365962446475904,3.780806578125164
283,343.3909886348423,73.74122935848935,9864.213476476989,4041.4127296842835,3.9365962446475904,3.780806578125164
284,346.1043541157419,76.80346607766786,9987.83562688598,4084.686610608463,3.9701296031169635,4.231582791336484
285,343.82771360234693,80.92373181649754,9977.425016194264,3983.5962600135904,4.134744119252865,4.077180937463996
286,342.81404739047525,83.92128711987016,9894.160471266972,3993.4663734699966,4.075589835997541,4.261850039931869
287,342.81404739047525,83.92128711987016,9894.160471266972,3993.4663734699966,4.075589835997541,4.261850039931869
288,337.79088759535625,87.06134323790879,9937.829826206806,3974.835440606076,4.14329470287615,4.093184833834565
289,337.79088759535625,87.06134323790879,9937.829826206806,3974.835440606076,4.14329470287615,4.093184833834565
290,337.79088759535625,87.06134323790879,9937.829826206806,3974.835440606076,4.14329470287615,4.093184833834565
291,344.25022933270196,83.33194775620535,9924.78171591851,4007.66047632515,3.7142768941106143,4.276638742850709
292,335.0445632943394,81.4729562562588,9932.968483759501,4128.6364280617545,3.7997782995882563,4.223736136254209
293,332.9250963893257,80.18771644009529,9835.060888164693,4175.430935346181,3.881769235622706,4.465708855808029
294,332.9250963893257,80.18771644009529,9835.060888164693,4175.430935346181,3.881769235622706,4.465708855808029
295,333.2736654133403,74.2753403603471,9806.655678824442,4199.571407701186,3.5996700538348847,3.9624480006944105
296,332.5051573331801,80.29880830068102,9836.243209413657,4247.697726596951,4.014819105847753,4.3295335567585145
297,332.5051573331801,80.29880830068102,9836.243209413657,4247.697726596951,4.014819105847753,4.3295335567585145
298,332.5051573331801,80.29880830068102,9836.243209413657,4247.697726596951,4.014819105847753,4.3295335567585145
299,334.2023687041188,81.79546682060392,9898.775397265748,4298.867581612119,4.28647368149044,3.896873958300989
300,335.00373719217185,84.49921227280149,9877.201401682716,4285.591565672183,4.597250490574723,3.905615328451319
301,333.313360938303,83.30540490846431,9959.890286273323,4433.727616515107,4.963926996188749,3.880757781901445
302,333.313360938303,83.30540490846431,9959.890286273323,4433.727616515107,4.963926996188749,3.880757781901445
303,333.313360938303,83.30540490846431,9959.890286273323,4433.727616515107,4.963926996188749,3.880757781901445
304,333.313360938303,83.30540490846431,9959.890286273323,4433.727616515107,4.963926996188749,3.880757781901445
305,333.313360938303,83.30540490846431,9959.890286273323,4433.727616515107,4.963926996188749,3.880757781901445
306,333.313360938303,83.30540490846431,9959.890286273323,4433.727616515107,4.963926996188749,3.880757781901445
307,345.47179672850194,85.4320657890722,9998.992572775578,4458.339983502642,4.920904657560272,4.024984387172755
308,345.47179672850194,85.4320657890722,9998.992572775578,4458.339983502642,4.920904657560272,4.024984387172755
309,345.47179672850194,85.4320657890722,9998.992572775578,4458.339983502642,4.920904657560272,4.024984387172755
310,345.47179672850194,85.4320657890722,9998.992572775578,4458.339983502642,4.920904657560272,4.024984387172755
311,345.47179672850194,85.4320657890722,9998.992572775578,4458.339983502642,4.920904657560272,4.024984387172755
312,345.47179672850194,85.4320657890722,9998.992572775578,4458.339983502642,4.920904657560272,4.024984387172755
313,341.2484209065348,76.37581570568503,9941.994491427247,4194.066465459269,4.230981383729783,2.4249267827430505
314,341.2484209065348,76.37581570568503,9941.994491427247,4194.066465459269,4.230981383729783,2.4249267827430505
315,344.5934141375057,73.01009481101416,9960.402017339087,4239.058914356699,4.143975163657692,2.484825292447377
316,344.5934141375057,73.01009481101416,9960.402017339087,4239.058914356699,4.143975163657692,2.484825292447377
317,344.5934141375057,73.01009481101416,9960.402017339087,4239.058914356699,4.143975163657692,2.484825292447377
318,344.5934141375057,73.01009481101416,9960.402017339087,4239.058914356699,4.143975163657692,2.484825292447377
319,344.5934141375057,73.01009481101416,9960.402017339087,4239.058914356699,4.143975163657692,2.484825292447377
320,349.558072404555,76.54633479753453,9983.082012964776,4239.753231093375,4.656487337820356,2.5019867977706065
321,340.7818762749708,81.61237412710632,9919.827985520906,3993.351035848,4.794701425208512,2.494724190059558
322,340.7818762749708,81.61237412710632,9919.827985520906,3993.351035848,4.794701425208512,2.494724190059558
323,340.7818762749708,81.61237412710632,9919.827985520906,3993.351035848,4.794701425208512,2.494724190059558
324,340.7818762749708,81.61237412710632,9919.827985520906,3993.351035848,4.794701425208512,2.494724190059558
325,341.64311499751676,87.205004177046,9995.154724594322,3868.464831486963,4.756898589112515,2.3949494489349528
326,341.64311499751676,87.205004177046,9995.154724594322,3868.464831486963,4.756898589112515,2.3949494489349528
327,341.64311499751676,87.205004177046,9995.154724594322,3868.464831486963,4.756898589112515,2.3949494489349528
328,341.64311499751676,87.205004177046,9995.154724594322,3868.464831486963,4.756898589112515,2.3949494489349528
329,341.64311499751676,87.205004177046,9995.154724594322,3868.464831486963,4.756898589112515,2.3949494489349528
330,347.2166331354924,93.50947869436126,9743.479248056907,3235.48830289667,4.635013947760174,1.951552756664017
331,345.9272125174393,88.36545307278217,9832.349709148797,3013.891480909301,4.758082882093002,2.2369192564111984
332,345.9272125174393,88.36545307278217,9832.349709148797,3013.891480909301,4.758082882093002,2.2369192564111984
333,347.70337986932805,89.26684122642641,9921.69063727657,3035.2430825048878,4.262570385758206,2.0688616890242333
334,341.70057656163203,93.82855170974692,9942.6385652747,3005.7699361074197,4.442231516480683,2.0870349658674727
335,341.70057656163203,93.82855170974692,9942.6385652747,3005.7699361074197,4.442231516480683,2.0870349658674727
336,341.70057656163203,93.82855170974692,9942.6385652747,3005.7699361074197,4.442231516480683,2.0870349658674727
337,341.70057656163203,93.82855170974692,9942.6385652747,3005.7699361074197,4.442231516480683,2.0870349658674727
338,341.70057656163203,93.82855170974692,9942.6385652747,3005.7699361074197,4.442231516480683,2.0870349658674727
339,341.70057656163203,93.82855170974692,9942.6385652747,3005.7699361074197,4.442231516480683,2.0870349658674727
340,337.7167209337976,92.53638195974996,9948.214010638347,3008.2293587009713,4.628540260059154,2.3980863976929374
341,337.7167209337976,92.53638195974996,9948.214010638347,3008.2293587009713,4.628540260059154,2.3980863976929374
342,337.7167209337976,92.53638195974996,9948.214010638347,3008.2293587009713,4.628540260059154,2.3980863976929374
343,341.4676786901406,89.7815776877177,9767.333008411371,3041.4271698781517,4.5430508422407785,2.233307277658132
344,332.1077706870437,95.33504174736618,9937.810615720231,3101.204495151362,4.316758587437669,3.0589560077715894
345,332.1077706870437,95.33504174736618,9937.810615720231,3101.204495151362,4.316758587437669,3.0589560077715894
346,332.1077706870437,95.33504174736618,9937.810615720231,3101.204495151362,4.316758587437669,3.0589560077715894
347,332.1077706870437,95.33504174736618,9937.810615720231,3101.204495151362,4.316758587437669,3.0589560077715894
348,332.1077706870437,95.33504174736618,9937.810615720231,3101.204495151362,4.316758587437669,3.0589560077715894
349,332.1077706870437,95.33504174736618,9937.810615720231,3101.204495151362,4.316758587437669,3.0589560077715894
350,332.1077706870437,95.33504174736618,9937.810615720231,3101.204495151362,4.316758587437669,3.0589560077715894
351,332.1077706870437,95.33504174736618,9937.810615720231,3101.204495151362,4.316758587437669,3.0589560077715894
352,332.20096626906155,93.65493725737096,9905.839803690475,3161.4831589395067,4.313071604346789,3.12615580241127
353,336.13704194613166,94.65011860652974,9862.86727760778,3031.3162841102753,4.344441690858412,3.0563653142459493
354,336.13704194613166,94.65011860652974,9862.86727760778,3031.3162841102753,4.344441690858412,3.0563653142459493
355,336.13704194613166,94.65011860652974,9862.86727760778,3031.3162841102753,4.344441690858412,3.0563653142459493
356,330.74337189655944,100.1091004964787,9850.76069366625,3094.069894631146,4.060383323579027,3.049329981813547
357,330.74337189655944,100.1091004964787,9850.76069366625,3094.069894631146,4.060383323579027,3.049329981813547
358,337.6953178086359,102.04091919529478,9864.626718721178,3160.490061972026,4.152441108003243,3.115149249753353
359,341.4752459501239,102.10230496082868,9819.267904362576,3344.91155477857,3.873494600265014,2.779551529394755
360,341.4752459501239,102.10230496082868,9819.267904362576,3344.91155477857,3.873494600265014,2.779551529394755
361,341.4752459501239,102.10230496082868,9819.267904362576,3344.91155477857,3.873494600265014,2.779551529394755
362,339.9146568859073,106.6155814110482,9754.301624520878,3234.322664162348,3.9628561276607934,2.6849707345350033
363,338.9793852033268,109.4477345274855,9726.766798503788,3252.6465791900177,4.297473008029863,2.6811765414459945
364,342.62312513195855,107.36682194937327,9623.421351419142,3184.9259612737906,3.88744038627819,2.5934381076866018
365,339.2010830357123,109.75042880053184,9669.293332918269,3250.5577589892323,3.8924971917078355,2.826950581500561
366,334.7950281559836,111.1632267485055,9687.43821082052,3466.125518730324,4.125475830642311,2.9217502080784845
367,338.0706800064178,113.01885384616048,9749.920401746067,3564.1069104098724,4.1156966085041535,2.7752251312401075
368,335.56248099794277,120.63207831534254,9870.194791548935,3450.9381431885654,4.144418815167773,2.51700768469078
369,335.56248099794277,120.63207831534254,9870.194791548935,3450.9381431885654,4.144418815167773,2.51700768469078
370,335.56248099794277,120.63207831534254,9870.194791548935,3450.9381431885654,4.144418815167773,2.51700768469078
371,334.23552515017576,118.53693807736107,9807.851736240704,3640.922891592074,1.9970577723673628,3.352914091619939
372,348.1721843108012,97.17320138511126,9234.397828213147,3584.9632483995756,1.4214399407628893,2.5026703637667485
373,361.3037495329822,95.15879900286131,9335.246856614798,3599.1141325341755,1.7635120176475692,2.5326525834771245
374,371.7802910093964,119.46929718836614,9759.040363925926,3097.6434759492627,0.463989919008686,3.438918727311597
375,385.6429795849882,72.60784223909728,9880.64572965629,3780.058535437848,0.621885436358218,3.5975503625642418
376,379.2193385586863,70.48819985466625,9870.475976520353,3767.6606453154113,0.5164828501190192,3.878290360750525
377,379.2193385586863,70.48819985466625,9870.475976520353,3767.6606453154113,0.5164828501190192,3.878290360750525
378,379.2193385586863,70.48819985466625,9870.475976520353,3767.6606453154113,0.5164828501190192,3.878290360750525
379,379.2193385586863,70.48819985466625,9870.475976520353,3767.6606453154113,0.5164828501190192,3.878290360750525
380,379.2193385586863,70.48819985466625,9870.475976520353,3767.6606453154113,0.5164828501190192,3.878290360750525
381,380.2627753341637,72.87873527128218,9890.379209384315,3755.327880789201,0.24037895767716416,3.842390581242899
382,380.2627753341637,72.87873527128218,9890.379209384315,3755.327880789201,0.24037895767716416,3.842390581242899
383,380.2627753341637,72.87873527128218,9890.379209384315,3755.327880789201,0.24037895767716416,3.842390581242899
384,380.2627753341637,72.87873527128218,9890.379209384315,3755.327880789201,0.24037895767716416,3.842390581242899
385,380.2627753341637,72.87873527128218,9890.379209384315,3755.327880789201,0.24037895767716416,3.842390581242899
386,383.48869942621116,75.66475354391339,9963.463551997029,3844.7033437136506,0.5217987024466155,3.843925026603886
387,393.71705922335957,74.93319335278622,9938.328319509797,3756.1738588481967,0.9074768484282018,3.8262158092287075
388,389.70381226817176,78.43817146856932,9922.788762515705,3611.334941898852,1.0229652124128679,3.8941634159502634
389,386.9545649166228,80.68472826827914,9982.030246677097,3457.8980571197812,0.7640338529472227,4.404955011031326
390,386.9545649166228,80.68472826827914,9982.030246677097,3457.8980571197812,0.7640338529472227,4.404955011031326
391,386.9545649166228,80.68472826827914,9982.030246677097,3457.8980571197812,0.7640338529472227,4.404955011031326
392,386.9545649166228,80.68472826827914,9982.030246677097,3457.8980571197812,0.7640338529472227,4.404955011031326
393,386.9545649166228,80.68472826827914,9982.030246677097,3457.8980571197812,0.7640338529472227,4.404955011031326
394,385.2201700383504,78.47046307486849,9785.252604949565,3450.0235221893163,1.2168118187822003,4.765044381020471
395,422.3683103375934,89.90931892172335,9953.863687649447,3006.2371335551566,2.5726608908832036,3.119845009574388
396,427.9210693788083,89.80764682539925,9844.378718937545,3047.358019442662,2.9997112989124806,2.7482141227063193
397,457.5697381481724,88.05073131141415,9598.635044456512,3293.1640981389164,2.8923476655882836,4.297090792385703
398,451.2970254979221,93.93259219190537,9640.544135862152,3292.4856663149994,2.5535944767835828,3.8962337303520393
399,454.8810765370274,98.26983492500028,9636.11077041135,3503.8021702345372,2.2765465236093747,4.171125345457305
400,462.6199675677965,98.29589736171201,9581.957482784663,3704.9886192578065,2.38770932806087,4.005266360514962
401,456.180346692042,92.80677400381862,9638.492702367705,3580.35738564795,2.0153630952577597,4.308902512056035
402,456.180346692042,92.80677400381862,9638.492702367705,3580.35738564795,2.0153630952577597,4.308902512056035
403,448.78477572801825,99.24599878370108,9580.481406288423,3512.4457359941343,2.641537436635779,4.252895634960243
404,448.78477572801825,99.24599878370108,9580.481406288423,3512.4457359941343,2.641537436635779,4.252895634960243
405,440.9623203741968,105.965320040585,9527.867489788528,3432.3958511728374,2.627774902106675,4.144871745728905
406,460.7859153911204,89.333216829078,9426.804147620396,3206.5274169794707,3.1892158861763784,4.690602234802434
407,458.06548574976347,88.46480833376715,9416.901782523431,3250.9135352796584,3.3852889961560133,4.986041410710357
408,458.06548574976347,88.46480833376715,9416.901782523431,3250.9135352796584,3.3852889961560133,4.986041410710357
409,458.06548574976347,88.46480833376715,9416.901782523431,3250.9135352796584,3.3852889961560133,4.986041410710357
410,458.06548574976347,88.46480833376715,9416.901782523431,3250.9135352796584,3.3852889961560133,4.986041410710357
411,458.06548574976347,88.46480833376715,9416.901782523431,3250.9135352796584,3.3852889961560133,4.986041410710357
412,458.5449876063261,93.43574116090593,9485.000585701493,3157.4722236773237,3.7428086172387687,4.847803861588159
413,457.30786679865895,94.27572899447529,9533.889285531885,3134.851249230851,3.753809613539485,4.987804076624961
414,459.6876885646651,92.57309812288753,9614.589877055747,3125.7623988547066,3.842855426491155,4.768008264200548
415,452.6707406675397,93.64607043304301,9512.728221317755,3104.0645349923298,3.4245987238164806,4.591450233555615
416,399.9724619926934,122.99728185987925,9972.49707903132,3267.3188563974213,3.7771989727500834,4.181470939288544
417,399.9724619926934,122.99728185987925,9972.49707903132,3267.3188563974213,3.7771989727500834,4.181470939288544
418,399.9724619926934,122.99728185987925,9972.49707903132,3267.3188563974213,3.7771989727500834,4.181470939288544
419,403.725161021021,91.50840305553456,9818.854887939598,3526.5207017197545,3.3964635950455784,4.771154454581416
420,409.66401468925494,84.66091645925174,9735.659498780175,3759.566445431299,3.4291053182815334,4.450751670773469
421,409.66401468925494,84.66091645925174,9735.659498780175,3759.566445431299,3.4291053182815334,4.450751670773469
422,409.66401468925494,84.66091645925174,9735.659498780175,3759.566445431299,3.4291053182815334,4.450751670773469
423,410.6023575549732,81.87714722790747,9684.60378590987,3611.589163077213,4.060944856391597,4.548261224724805
424,385.24400490890565,119.04732604967428,9710.902217195127,3387.9197650571173,4.581567781858462,3.9538621227085042
425,388.12324577289365,120.43080384110729,9663.745775586038,3236.966914171621,4.097867232258037,3.755435111264714
426,388.5863472562421,121.25734984926376,9643.916949047916,3124.8767893015984,4.2055770021186625,3.487555395849712
427,402.455973812891,124.77440134203866,9012.443157632117,3196.3607551750447,4.160400343988618,1.062370922901035
428,348.51610632887747,111.15978754821384,8942.59183611023,3696.960090219267,3.476283056889532,2.025640910227563
429,355.95669389225947,106.81789214455243,8935.65905049718,3688.917738948674,3.2655205272245142,2.1291995279579723
430,363.8921959063035,110.32510818370545,9060.664495642357,3524.8360965053007,2.932795858289229,2.2333631857488276
431,357.4211877923055,109.24295143964463,8939.134520904503,3358.6483451258996,2.6119971770438335,1.859748965540342
432,349.8949787042317,104.13736318012593,8896.83563872934,3217.360893031143,2.533421604724775,1.7993744494155615
433,359.8202793343867,110.00217806718922,8904.503398002546,3196.9350839655062,2.0846891955127163,1.904530083956568
434,387.3250008931123,87.2602607665832,8533.377940530007,3105.671962915263,3.0024803684418595,3.6277084209475365
435,387.3250008931123,87.2602607665832,8533.377940530007,3105.671962915263,3.0024803684418595,3.6277084209475365
436,391.59098091164765,98.84647969800976,8551.086619454536,3035.1053972234035,3.1505086875668726,3.8397169117860184
437,395.8287401878802,92.70156813662328,8565.88548837056,3105.111832413784,3.3721395314072584,3.7867519659737208
438,395.3427063148992,93.09086844786357,8473.92218794141,3030.177073260819,3.5659249012982075,3.7315875724714855
439,397.87009871500527,95.37243994835792,8424.791789677847,3049.8630829101303,3.3510334637279775,3.498663484084124
440,398.9190146651804,95.84716454831823,8497.29059998218,3129.9966433782806,3.7261046534482483,3.5537066690381467
441,395.53242119806004,99.50636454220646,8559.563157872346,3056.3246788200677,4.018272561495255,3.5320903356813553
442,391.3722601387481,99.75697389807947,8708.538554947576,3087.9203284693244,3.8714973378588473,3.462004865195379
443,361.8081045946761,111.29708245281535,8837.734943400765,3181.987246532669,2.6013490564110167,2.901077148165234
444,378.25821912101605,100.50467758726627,9407.253950927954,3224.4329074515035,3.6980014315647782,4.522756862425767
445,376.1191975309998,99.26615937365668,9498.624054836797,3169.297661479079,3.6307821639283593,4.815587085243701
446,382.2731907531385,99.04396528964023,9443.11621526569,3075.6212107296765,3.6907738595472392,4.753471964939841
447,382.2731907531385,99.04396528964023,9443.11621526569,3075.6212107296765,3.6907738595472392,4.753471964939841
448,382.2731907531385,99.04396528964023,9443.11621526569,3075.6212107296765,3.6907738595472392,4.753471964939841
449,382.2731907531385,99.04396528964023,9443.11621526569,3075.6212107296765,3.6907738595472392,4.753471964939841
450,384.23897181270974,95.38249785656946,9323.714479873062,3199.243363654701,3.9554930499411975,4.867642167081913
451,386.31749912138133,96.14231214430936,9276.59409467837,3017.5572946142315,3.9073514628319725,4.588452645286817
452,386.31749912138133,96.14231214430936,9276.59409467837,3017.5572946142315,3.9073514628319725,4.588452645286817
453,386.31749912138133,96.14231214430936,9276.59409467837,3017.5572946142315,3.9073514628319725,4.588452645286817
454,386.31749912138133,96.14231214430936,9276.59409467837,3017.5572946142315,3.9073514628319725,4.588452645286817
455,386.31749912138133,96.14231214430936,9276.59409467837,3017.5572946142315,3.9073514628319725,4.588452645286817
456,388.1180745053146,95.989351144522,9326.250370403799,3034.06407379984,4.433195698211926,4.720605768240235
457,384.4369815970477,94.99363542548963,9232.843172561945,3052.2832183507944,4.477238668406991,4.69173925122688
458,384.4369815970477,94.99363542548963,9232.843172561945,3052.2832183507944,4.477238668406991,4.69173925122688
459,384.4369815970477,94.99363542548963,9232.843172561945,3052.2832183507944,4.477238668406991,4.69173925122688
460,388.5976437713348,94.10236571144823,9275.980552297066,3210.905350373509,4.339880174049031,4.552121477385546
461,390.959033054939,100.74961656593865,9383.756883229906,3140.042265440985,4.2806381185085405,4.097012443202212
462,390.959033054939,100.74961656593865,9383.756883229906,3140.042265440985,4.2806381185085405,4.097012443202212
463,383.2391233167159,101.16224844423843,9427.290586172814,3156.13963385292,4.130132442606094,3.8901952037863716
464,372.2086644535652,102.9646609484839,9442.343523248523,3155.1650387265468,4.337427002782328,3.124323503218706
465,372.37547330794484,100.00791972353593,9407.370101841898,3212.675553145717,4.541984074298395,3.325368583650445
466,380.2254947758163,101.34243625310681,9391.057584248638,3178.326795844251,4.457962550021626,3.108961079617211
467,358.3232557450767,118.69449226160162,9561.769807622306,3134.479310968578,4.762189375647681,3.9667021527149884
468,378.96741908093446,100.8494655054082,9368.354337441104,3126.048004897045,3.6908000907313143,4.334380281682937
469,396.66067918970657,75.64935254705001,9488.602544358228,3445.585702844901,1.7143207286053264,3.0935850685723922
470,393.0574488542225,114.22540890816845,9781.859584543792,3129.785914394344,1.2914160687384875,4.9643618819831365
471,402.6618359255314,122.32664310336871,9880.014595876317,3601.0576307621977,2.463480795472787,3.6920481989731235
472,402.9618674665249,121.01903080108647,9933.698084886586,3671.6148270922467,2.5980797546931687,4.1554543920950495
473,402.9618674665249,121.01903080108647,9933.698084886586,3671.6148270922467,2.5980797546931687,4.1554543920950495
474,402.9618674665249,121.01903080108647,9933.698084886586,3671.6148270922467,2.5980797546931687,4.1554543920950495
475,427.67980277153777,94.64723816771425,9244.089199581655,4445.417374024408,4.856859068473692,2.9770958230771223
476,397.15520920447983,124.3873595167614,9557.369792101672,4163.214127424681,4.87882208462661,2.47551904816738
477,381.4528110165215,95.55292782059692,9441.118547219645,4445.461065303518,3.7848907394444558,1.497838730840029
478,380.37885770071273,98.2801974914129,9538.681679950905,4555.852358138585,3.96935444138387,1.9880492724744097
479,380.37885770071273,98.2801974914129,9538.681679950905,4555.852358138585,3.96935444138387,1.9880492724744097
480,380.37885770071273,98.2801974914129,9538.681679950905,4555.852358138585,3.96935444138387,1.9880492724744097
481,346.1529051747182,95.45302490730779,9425.278720118586,3805.607676961394,3.566926365812864,2.677595250618997
482,336.8045922466148,87.53398589272773,9270.944433145516,3573.811823360172,3.493872858825493,2.777753559807806
483,330.30598543220594,84.88619977094123,9732.305199178594,3565.794471674141,2.029534393744309,4.382308215279757
484,339.04790231082364,82.5020105854352,9711.541687211711,3568.8546176262103,2.251609116342628,4.239323385363122
485,339.04790231082364,82.5020105854352,9711.541687211711,3568.8546176262103,2.251609116342628,4.239323385363122
486,339.04790231082364,82.5020105854352,9711.541687211711,3568.8546176262103,2.251609116342628,4.239323385363122
487,399.73959411948863,76.15114893143291,9903.501502250652,3372.213485713751,2.26078664472408,3.473523870407215
488,406.7248779237808,80.41784433870168,9977.660775152443,3321.6036616050005,1.6768833569454595,3.5153522624837366
489,401.48621730415493,71.80436926633745,9834.619702313756,3293.7777469782136,1.1784931512717671,3.654535352272672
490,401.48621730415493,71.80436926633745,9834.619702313756,3293.7777469782136,1.1784931512717671,3.654535352272672
491,401.48621730415493,71.80436926633745,9834.619702313756,3293.7777469782136,1.1784931512717671,3.654535352272672
492,362.94537153724264,88.01905311936693,9627.705027483324,4085.6594054719535,1.5593891065822165,4.607891938377395
493,363.9684982483182,82.09383421035342,9562.42916175093,3710.9640675790793,1.4633685286083893,4.409508125876535
494,374.2623988133181,89.17223837195755,9552.296226325938,3439.168465382527,1.4096517983364982,4.189036585571859
495,374.2623988133181,89.17223837195755,9552.296226325938,3439.168465382527,1.4096517983364982,4.189036585571859
496,332.8169357290199,83.08004810274372,9445.861140538074,3063.9324874103836,0.4476296348038603,4.944597710826472
497,332.8169357290199,83.08004810274372,9445.861140538074,3063.9324874103836,0.4476296348038603,4.944597710826472
498,332.8169357290199,83.08004810274372,9445.861140538074,3063.9324874103836,0.4476296348038603,4.944597710826472
499,332.8169357290199,83.08004810274372,9445.861140538074,3063.9324874103836,0.4476296348038603,4.944597710826472
500,332.8169357290199,83.08004810274372,9445.861140538074,3063.9324874103836,0.4476296348038603,4.944597710826472
501,332.8169357290199,83.08004810274372,9445.861140538074,3063.9324874103836,0.4476296348038603,4.944597710826472
502,332.8169357290199,83.08004810274372,9445.861140538074,3063.9324874103836,0.4476296348038603,4.944597710826472
503,333.84837589825764,85.3766473007761,9288.666543620006,3174.7177728328916,0.2467230248085728,4.406204011587683
504,333.84837589825764,85.3766473007761,9288.666543620006,3174.7177728328916,0.2467230248085728,4.406204011587683
505,340.13001041802517,90.07209986174712,9252.824934623153,3124.0003896569224,0.6836113651782706,4.5868591619376895
506,336.6353664048757,83.94376087789317,9210.993891317012,3150.6931951082593,0.8685341747681975,4.42984806607967
507,336.6353664048757,83.94376087789317,9210.993891317012,3150.6931951082593,0.8685341747681975,4.42984806607967
508,334.5560189427046,83.41204664287814,9190.72122314624,3190.6405410568345,0.7108398099177099,4.856288315289614
509,334.55411988885317,83.01914504242632,9281.183194415305,3115.7797922390646,0.7624025125566354,4.627435819100211
510,338.6827507919397,86.85257840311391,9239.266493253801,3206.454932413349,0.5214336762127384,4.323008409064606
511,341.9780886937021,86.4375264317119,9311.841876086719,3470.817574767279,0.8820249051407438,3.31022742412311
512,339.7418552374559,83.65955331384485,9357.539367723799,3508.4979813308782,0.7478359797479079,3.567220074063858
513,333.5996632462806,78.89945929145739,9367.08352241538,3592.995867382934,0.7908612289694411,3.8584224171907877
514,333.5996632462806,78.89945929145739,9367.08352241538,3592.995867382934,0.7908612289694411,3.8584224171907877
515,333.5996632462806,78.89945929145739,9367.08352241538,3592.995867382934,0.7908612289694411,3.8584224171907877
516,333.5996632462806,78.89945929145739,9367.08352241538,3592.995867382934,0.7908612289694411,3.8584224171907877
517,363.9414573033812,94.14895297728182,9491.492163590257,3787.8344557242654,0.521177621812302,3.8855486176260823
518,364.525212665641,95.86331531502199,9690.973445318143,3848.363707386711,0.8739787842236013,3.645852737498846
519,349.1962444016944,105.74767877271937,9355.481498664505,3500.389437693296,2.841021232593392,4.275773580899371
520,353.6688837046011,118.37546616323164,9785.092933849817,4144.074904976566,3.95579284833054,3.6015098794338916
521,362.41843560132685,119.00594305295749,9774.072142738603,4011.0416777668843,3.746438543549505,3.9097297289182196
522,358.5885335087875,124.32419391730957,9923.649600957096,3968.5733116754163,4.060694767471095,3.7331628601453795
523,353.0740385957833,120.72966069849691,9926.27733204662,4140.376248929948,3.8020083336503507,3.70179283005279
524,353.0740385957833,120.72966069849691,9926.27733204662,4140.376248929948,3.8020083336503507,3.70179283005279
525,330.56399547056185,141.24608817198302,9171.025101583702,4735.690279541506,3.763888005460344,3.8724635975073025
526,335.6253551301935,140.6038586542096,9117.824108408131,4917.591699584683,4.393049529267706,3.5908444485620983
527,334.6474704829048,138.3442828447172,8998.270381436774,4972.806023880965,4.62640034148748,3.6238090266673284
528,334.6474704829048,138.3442828447172,8998.270381436774,4972.806023880965,4.62640034148748,3.6238090266673284
529,334.6474704829048,138.3442828447172,8998.270381436774,4972.806023880965,4.62640034148748,3.6238090266673284
530,334.6474704829048,138.3442828447172,8998.270381436774,4972.806023880965,4.62640034148748,3.6238090266673284
531,334.6474704829048,138.3442828447172,8998.270381436774,4972.806023880965,4.62640034148748,3.6238090266673284
532,334.1988065106806,132.41265481471623,8991.227883820511,4909.048091536897,4.791130048425937,3.3811595855239736
533,334.1988065106806,132.41265481471623,8991.227883820511,4909.048091536897,4.791130048425937,3.3811595855239736
534,334.1988065106806,132.41265481471623,8991.227883820511,4909.048091536897,4.791130048425937,3.3811595855239736
535,334.1988065106806,132.41265481471623,8991.227883820511,4909.048091536897,4.791130048425937,3.3811595855239736
536,340.55362703428614,141.73161510239592,8934.196002939396,4908.1486839245945,4.862411726890303,2.8218960664197463
537,340.55362703428614,141.73161510239592,8934.196002939396,4908.1486839245945,4.862411726890303,2.8218960664197463
538,340.55362703428614,141.73161510239592,8934.196002939396,4908.1486839245945,4.862411726890303,2.8218960664197463
539,347.16113781951117,141.4027267225115,8793.812750083784,4901.710583472786,4.717076567224129,3.058828795022055
540,390.51402718705543,135.98793168404862,9292.671004856295,4537.894991795598,4.947494361514332,2.30931109066601
541,378.79941317933225,140.06545780520364,9339.55021015868,4538.133287676655,4.971620982409656,2.4930470042759683
542,409.428883290597,143.32718660272536,9078.498094528019,4567.397463596283,2.527241844320464,2.6151236333110037
543,407.7969111192442,145.57325996890538,9064.430166437942,4559.7521143432805,2.092388656538207,2.271333223201247
544,421.29487076709904,146.76271535285173,9173.984480720608,4596.344023534018,1.9812857146444527,2.733442188204651
545,421.29487076709904,146.76271535285173,9173.984480720608,4596.344023534018,1.9812857146444527,2.733442188204651
546,422.2351343668414,147.85275430002568,9078.06703098049,4545.541744450387,2.3307245963975816,2.8029649651367325
547,435.9464809991407,149.79892168046212,9156.65356010534,4628.15278417996,2.433943904863123,2.7921913259660247
548,435.9464809991407,149.79892168046212,9156.65356010534,4628.15278417996,2.433943904863123,2.7921913259660247
549,448.022155169957,132.7548695249905,9001.213454860215,4395.821539432803,4.769700929669294,2.404230052258997
550,457.0009769046942,138.88584030800718,9484.15855042247,4469.583724644059,4.445681376083203,2.9299771319618864
551,450.95309326889276,134.4886086199267,9508.349240495234,4508.4314024047935,4.07773344648183,2.6525574190913646
552,447.6509689471584,130.64640941567973,9480.62602000198,4601.313726016854,3.737094556036292,2.353516644626866
553,456.005865986193,129.85357486250962,9554.055734510071,4569.861850917637,3.2593169650342917,2.9419484823008935
554,450.00029861995205,125.68335954924201,9525.480477949226,4412.349092048704,3.4226307806990044,2.99186912717435
555,420.0685693538336,118.54244565144297,9666.307646488198,4222.58786371078,3.9704961362169238,3.5032727381645765
556,434.47003326207147,110.51060243548858,9924.527754489323,4147.237264544382,4.025395658408372,3.628220127363205
557,433.524651126037,111.63743218896278,9911.786840229805,4108.914731921878,3.5652064628794653,3.5017580531746906
558,426.7638998104088,116.84763196003956,9862.58071825651,4136.415834699939,4.268570630799356,3.392903122832626
559,427.7648276532153,120.31962126990545,9889.663761946353,4231.274226070447,4.984869604591232,3.2418363825816123
560,423.30739055816815,116.59769401630791,9813.266412709196,4175.31022376601,4.466553718485004,3.3231062667728364
561,425.11971691572296,114.68512983100793,9885.607125653149,3997.7294492749584,4.655563061713284,3.3391867627113907
562,382.53305283494853,136.41675636765012,9706.655805447395,4344.896977355377,4.675553790715515,3.584427037936456
563,374.3226771777335,138.1274791784387,9579.567985410846,4390.548506870905,4.613762817074481,3.198361379999181
564,374.3226771777335,138.1274791784387,9579.567985410846,4390.548506870905,4.613762817074481,3.198361379999181
565,376.17146342356926,137.75995828012364,9658.718358171223,4374.929798534621,4.4349829291785134,3.1384432015349106
566,376.17146342356926,137.75995828012364,9658.718358171223,4374.929798534621,4.4349829291785134,3.1384432015349106
567,374.7552426988791,139.74207216146297,9659.60098724472,4473.509396471469,4.771646010955291,3.280809049674829
568,380.19933215328615,142.5356284292458,9647.480740543631,4428.784001214222,4.841189807436627,3.039328441466252
569,338.9957237169932,131.8189207732064,9764.93680947794,4182.405899128057,2.4359430808357243,4.29030935328561
570,333.8817849626648,141.05924561242637,9714.206669949555,3995.8363418380877,2.635017654860338,4.158375299350128
571,333.8817849626648,141.05924561242637,9714.206669949555,3995.8363418380877,2.635017654860338,4.158375299350128
572,341.384377299046,125.48808560224423,9034.475740461263,4031.902123571241,4.057781004729993,2.8044173985018053
573,340.2362853703977,120.64993625338434,9006.454317208498,3879.67694973126,4.04978919893729,2.6728635380577366
574,337.85368910993793,120.06584013454648,8961.632335249347,3903.352674400561,3.935617586604239,2.6106188357269375
575,340.43713474349653,118.47336034269517,9005.792123664709,3775.193886222703,3.5413188426478053,2.6961637235875386
576,341.28595352681583,115.85924265963465,9082.509473178145,3909.0867380540412,3.350297438093977,1.9654917406744987
577,336.612171144873,119.59096522230142,9128.737364522882,3766.503321951783,3.1082346556090177,1.9124968636036521
578,336.612171144873,119.59096522230142,9128.737364522882,3766.503321951783,3.1082346556090177,1.9124968636036521
579,333.3678283984599,124.91301814867285,9195.326859258552,3563.6482885918963,3.2533436050760245,1.5112931491154018
580,333.3678283984599,124.91301814867285,9195.326859258552,3563.6482885918963,3.2533436050760245,1.5112931491154018
581,333.3678283984599,124.91301814867285,9195.326859258552,3563.6482885918963,3.2533436050760245,1.5112931491154018
582,333.3678283984599,124.91301814867285,9195.326859258552,3563.6482885918963,3.2533436050760245,1.5112931491154018
583,333.3678283984599,124.91301814867285,9195.326859258552,3563.6482885918963,3.2533436050760245,1.5112931491154018
584,336.19531089024554,123.56025951783988,9274.971804970197,3431.533775282082,3.2504475275618425,1.4223737844928344
585,386.0608495770235,117.09961428731779,9512.963680889008,4047.306067713773,3.884655489853747,0.20153394708541217
586,389.3129874250584,113.24152011481374,9763.27363017048,3352.4571504789724,4.4278394980955165,0.24604769295073917
587,382.12647636849846,110.79003935234854,9833.779673568257,3413.6098955554226,4.187213616706994,0.3885672127942228
588,382.12647636849846,110.79003935234854,9833.779673568257,3413.6098955554226,4.187213616706994,0.3885672127942228
589,379.69525528480636,110.70294794895915,9866.844652181264,3464.11255906687,4.386127738256385,0.16803393629964963
590,384.17624546449053,109.7196651239347,9883.072722812492,3500.1278888699203,4.165875618944544,0.522281441734208
591,364.5328811146579,114.7262311542301,9860.688230910082,3667.538329965425,2.6238412838533742,0.9728390674713333
592,364.5328811146579,114.7262311542301,9860.688230910082,3667.538329965425,2.6238412838533742,0.9728390674713333
593,372.0655411331967,110.99672222460245,9856.259989700218,3703.003448851572,2.4027027065463127,0.9911792100612655
594,365.1694990264858,112.55497014761269,9846.680920325225,3638.9415533519764,2.4207931075020435,0.725171229107186
595,370.64799079457777,112.77568068665204,9802.230521282963,3713.893278878241,2.697920144270887,0.4573310674868256
596,372.488355776543,113.31991855732315,9833.158674877159,3813.1609587210105,3.213851213564385,0.6095229547362522
597,373.05058708461735,120.11039605570994,9967.666600606894,3905.076655150796,2.9201478514034274,0.2525798083689373
598,373.05058708461735,120.11039605570994,9967.666600606894,3905.076655150796,2.9201478514034274,0.2525798083689373
599,373.05058708461735,120.11039605570994,9967.666600606894,3905.076655150796,2.9201478514034274,0.2525798083689373
600,373.05058708461735,120.11039605570994,9967.666600606894,3905.076655150796,2.9201478514034274,0.2525798083689373
601,373.05058708461735,120.11039605570994,9967.666600606894,3905.076655150796,2.9201478514034274,0.2525798083689373
602,374.08994118503585,116.50994848746201,9796.567288686841,3912.364792637148,2.8495917780276603,0.40110926276601033
603,374.08994118503585,116.50994848746201,9796.567288686841,3912.364792637148,2.8495917780276603,0.40110926276601033
604,374.08994118503585,116.50994848746201,9796.567288686841,3912.364792637148,2.8495917780276603,0.40110926276601033
605,374.08994118503585,116.50994848746201,9796.567288686841,3912.364792637148,2.8495917780276603,0.40110926276601033
606,365.05096903088906,124.73895971172517,9722.131754878432,3819.314704789403,2.38778728928309,0.5097985096014819
607,361.06157731292717,124.18661182344908,9731.694780953843,3788.2678708015023,2.5429512113742216,0.23914138573836188
608,361.06157731292717,124.18661182344908,9731.694780953843,3788.2678708015023,2.5429512113742216,0.23914138573836188
609,361.06157731292717,124.18661182344908,9731.694780953843,3788.2678708015023,2.5429512113742216,0.23914138573836188
610,361.06157731292717,124.18661182344908,9731.694780953843,3788.2678708015023,2.5429512113742216,0.23914138573836188
611,359.2820404135807,116.85233521381245,9110.144303832652,3249.292693097475,4.377591426991901,0.7219460071390406
612,362.0934862820026,113.93602715898972,9175.14742620657,3328.4057828580217,4.339846993905032,0.9752343343078484
613,365.19718214495913,107.36415888658684,9056.061719740062,3303.181689264741,4.612449762432245,1.7386183745450339
614,365.19718214495913,107.36415888658684,9056.061719740062,3303.181689264741,4.612449762432245,1.7386183745450339
615,336.2776173662109,123.79803539207839,9250.195683408685,3057.6579028864126,4.388083953916866,2.695542389950299
616,340.33078620092516,124.29550528623813,9161.539010864564,3072.6193060721175,4.678589170593121,2.4118593534798505
617,333.775474357896,123.23873116877633,9144.384411418512,3120.384911961765,4.647824918946866,2.7156319310349537
618,333.775474357896,123.23873116877633,9144.384411418512,3120.384911961765,4.647824918946866,2.7156319310349537
619,337.5213857306353,123.26178856902436,9227.14646687959,3101.532665848713,4.554873756235968,2.2602602373239336
620,337.5213857306353,123.26178856902436,9227.14646687959,3101.532665848713,4.554873756235968,2.2602602373239336
621,337.5213857306353,123.26178856902436,9227.14646687959,3101.532665848713,4.554873756235968,2.2602602373239336
622,338.6633932641848,129.6508780506312,9276.875269333348,3028.5490617311198,4.224447494183187,2.5592309014012766
623,341.9984568227504,132.8919565494369,9232.887137661772,3019.670178546923,3.967189765194393,2.4261354466419367
624,333.0800470924339,130.0510790799679,9125.11617831743,3082.2712525393035,3.6248870014179664,1.9702856976291478
625,333.0800470924339,130.0510790799679,9125.11617831743,3082.2712525393035,3.6248870014179664,1.9702856976291478
626,333.0800470924339,130.0510790799679,9125.11617831743,3082.2712525393035,3.6248870014179664,1.9702856976291478
627,333.0800470924339,130.0510790799679,9125.11617831743,3082.2712525393035,3.6248870014179664,1.9702856976291478
628,335.25283051457336,124.3562695660426,9299.07121229132,3118.494076909078,3.7389605751532824,2.0262675007204916
629,335.25283051457336,124.3562695660426,9299.07121229132,3118.494076909078,3.7389605751532824,2.0262675007204916
630,335.25283051457336,124.3562695660426,9299.07121229132,3118.494076909078,3.7389605751532824,2.0262675007204916
631,335.25283051457336,124.3562695660426,9299.07121229132,3118.494076909078,3.7389605751532824,2.0262675007204916
632,335.25283051457336,124.3562695660426,9299.07121229132,3118.494076909078,3.7389605751532824,2.0262675007204916
633,335.25283051457336,124.3562695660426,9299.07121229132,3118.494076909078,3.7389605751532824,2.0262675007204916
634,334.8016903138715,122.01462756649317,9380.764989040317,3119.215728935954,4.012938936999248,2.600715472974891
635,333.2860273726882,127.3461066536087,9437.98142457493,3107.9460463526384,4.2649329754356975,2.3868712614874372
636,334.4157750085877,125.83007258682355,9522.937246415397,3077.79684107247,4.5172097297128895,2.1443013128267516
637,334.4157750085877,125.83007258682355,9522.937246415397,3077.79684107247,4.5172097297128895,2.1443013128267516
638,334.4157750085877,125.83007258682355,9522.937246415397,3077.79684107247,4.5172097297128895,2.1443013128267516
639,334.4157750085877,125.83007258682355,9522.937246415397,3077.79684107247,4.5172097297128895,2.1443013128267516
640,334.4157750085877,125.83007258682355,9522.937246415397,3077.79684107247,4.5172097297128895,2.1443013128267516
641,334.4157750085877,125.83007258682355,9522.937246415397,3077.79684107247,4.5172097297128895,2.1443013128267516
642,333.4668508236904,127.61500085180408,9644.140217591448,3057.5867205778095,4.49585635483257,2.082947080681244
643,333.4668508236904,127.61500085180408,9644.140217591448,3057.5867205778095,4.49585635483257,2.082947080681244
644,333.4668508236904,127.61500085180408,9644.140217591448,3057.5867205778095,4.49585635483257,2.082947080681244
645,333.4668508236904,127.61500085180408,9644.140217591448,3057.5867205778095,4.49585635483257,2.082947080681244
646,331.0138662875223,129.16043523229007,9641.004010409726,3103.012188281802,4.333817084871654,2.0094244394780665
647,339.26052037315037,129.42003206985524,9469.734917092139,3213.730125523273,4.104899517961254,2.1106843251827514
648,338.4955927263316,135.26429459503635,9527.815746450964,3207.2397475890284,4.205191404508533,2.0394964089891854
649,344.8617559483465,131.06374404738128,9426.895094760748,3188.297987895345,4.752514073969928,2.0468360285160907
650,353.645236175548,107.03653211627446,9542.719636933933,3313.329245469687,3.45581287883525,2.314645524737868
651,343.5746882483175,111.40588791465173,9613.463783715119,3327.3184148132473,3.400551622150275,2.7785679669710923
652,343.5746882483175,111.40588791465173,9613.463783715119,3327.3184148132473,3.400551622150275,2.7785679669710923
653,354.4705369547881,109.83203231542356,9618.550679549993,3513.271449430786,3.6542625166386684,2.4650621364861722
654,354.51168638717286,105.69992663186937,9558.017318626424,3373.086776715763,3.642855801823736,2.616877756723621
655,356.48735035141834,107.64307562549463,9588.86929319518,3420.064687790319,3.3233652599236994,2.8359085092698413
656,350.7715583024374,106.38056827115923,9648.196602862963,3410.190808435935,3.4263996751325507,3.2271017950742356
657,345.2622983393145,125.9910574067213,9158.439517302271,3543.1701796815887,3.043687847542727,3.3975564887634664
658,374.27860694947884,116.68186783615789,9281.195754453234,3948.613015579604,3.120896083105438,3.778917862444724
659,395.7479561033163,96.59703572643508,9441.052571478382,4270.527880567655,4.090960977302536,4.981093676258053
660,353.72999812162044,107.71563175979001,8962.947875404941,4243.8013339600675,3.944837313261501,2.067541074369339
661,349.75058882027935,113.5448923682539,9013.780203813209,4321.645208441883,3.8752009205681475,1.7224058236271413
662,359.70792283854314,111.75627953951698,9183.91693313708,4228.833502310753,1.5840862714501036,4.257621146523933
663,359.70792283854314,111.75627953951698,9183.91693313708,4228.833502310753,1.5840862714501036,4.257621146523933
664,355.59430805235587,111.45024089070753,9298.59705043701,4343.93296893012,1.45921790263807,4.01643149382972
665,340.1119547181347,125.89442243268712,9568.862810698,4166.3833296138555,0.2678917346883388,2.9191338917209895
666,340.1119547181347,125.89442243268712,9568.862810698,4166.3833296138555,0.2678917346883388,2.9191338917209895
667,340.1119547181347,125.89442243268712,9568.862810698,4166.3833296138555,0.2678917346883388,2.9191338917209895
668,340.1119547181347,125.89442243268712,9568.862810698,4166.3833296138555,0.2678917346883388,2.9191338917209895
669,343.4041545296573,124.56493721171583,9570.512943440366,4241.525807039363,0.6011607110560322,2.8944863584882197
670,336.6115743811624,120.191003345649,9634.830845109696,4312.2699164669175,0.3843321688937321,3.1106023903719797
671,334.1379793385974,115.12595840089733,9511.586158353864,4242.970160232464,0.6777068868094464,3.1953992442697885
672,334.1379793385974,115.12595840089733,9511.586158353864,4242.970160232464,0.6777068868094464,3.1953992442697885
673,330.8314650145314,118.62085500926378,9459.378258621698,4373.194796743979,0.6228455311073289,3.3552602109077414
674,330.8314650145314,118.62085500926378,9459.378258621698,4373.194796743979,0.6228455311073289,3.3552602109077414
675,330.8314650145314,118.62085500926378,9459.378258621698,4373.194796743979,0.6228455311073289,3.3552602109077414
676,330.8314650145314,118.62085500926378,9459.378258621698,4373.194796743979,0.6228455311073289,3.3552602109077414
677,335.2783483268734,121.85967964429508,9427.447936235529,4446.30064727396,0.4997933897392426,3.266262735116869
678,340.1346958568341,120.48368030343609,9591.322076589568,4343.708650954891,0.2923743834555,3.2156133819145793
679,338.6370410878174,103.52796223806716,9395.399806498855,3239.1766745303494,0.32559208214319757,2.8661737009853403
680,339.30523568236356,105.05840532911552,9292.491863802272,3098.883274590945,0.16780220619821534,2.6508377276980237
681,339.30523568236356,105.05840532911552,9292.491863802272,3098.883274590945,0.16780220619821534,2.6508377276980237
682,339.30523568236356,105.05840532911552,9292.491863802272,3098.883274590945,0.16780220619821534,2.6508377276980237
683,339.30523568236356,105.05840532911552,9292.491863802272,3098.883274590945,0.16780220619821534,2.6508377276980237
684,339.30523568236356,105.05840532911552,9292.491863802272,3098.883274590945,0.16780220619821534,2.6508377276980237
685,344.08811775267407,102.38937039231223,9290.173831110586,3198.3929638819673,0.6578403568435074,2.6498081048138435
686,348.7990267799353,103.73046181313165,9233.005839775846,3323.983306174543,0.903769945335183,2.9350394475604342
687,348.7990267799353,103.73046181313165,9233.005839775846,3323.983306174543,0.903769945335183,2.9350394475604342
688,348.7990267799353,103.73046181313165,9233.005839775846,3323.983306174543,0.903769945335183,2.9350394475604342
689,341.93539750723227,101.58501345489162,9135.025436740661,3289.5547062298397,0.6092558753380937,3.0678592303802903
690,332.89139534382934,100.89361044861876,9032.424575185783,3145.322767334066,0.9506575093862736,3.597327484007298
691,332.89139534382934,100.89361044861876,9032.424575185783,3145.322767334066,0.9506575093862736,3.597327484007298
692,330.97494647851755,94.8149844117415,8985.980168033042,3148.4708705541916,0.6691512974402133,3.6808553134296376
693,330.97494647851755,94.8149844117415,8985.980168033042,3148.4708705541916,0.6691512974402133,3.6808553134296376
694,336.4877382493605,93.89558595944638,8986.765373543698,3226.412919148751,1.0021465025167178,3.973511644765035
695,343.5523898280564,97.01092509064102,9411.251147108302,3444.194938737854,0.6199175945317041,3.5974059045064037
696,340.9694771435447,101.21966259111474,9437.527818337918,3446.91757916893,0.3449878984608738,3.4313022410584173
697,347.71129817200404,98.75035327655861,9539.426193824505,3713.3841009067924,0.3475726528807088,3.4975282148207243
698,342.7864423342507,100.01027093503112,9596.668254781876,3725.0630717186364,0.4751941547997862,3.5374000190749237
699,342.3321240039128,95.87125801692923,9773.137419337834,3610.268439549308,0.7045041964076743,3.5416718106484883
700,348.30833161324597,99.08946819465669,9866.319462178772,3462.9923228081643,0.7443116116742504,3.50412810517158
701,356.4248534127057,96.3895778391371,9875.15841087771,3300.9779224659933,0.9408844762788282,3.2838937430920137
702,367.51080958922716,102.494034954068,9902.366461275793,3269.613449026973,1.2004353838837234,2.9570889590227245
703,367.51080958922716,102.494034954068,9902.366461275793,3269.613449026973,1.2004353838837234,2.9570889590227245
704,371.87938520982857,107.55673693864517,9981.405608985553,3061.211138657213,1.5014655154849992,3.7217116900640232
705,375.7166327246724,104.1147017410472,9901.49097261217,3045.8477221468,1.4107883681484588,3.809178351033121
706,381.31170155528133,100.43976262922916,9865.648356626703,3145.493740472651,0.6395095936139712,3.5632810810974807
707,381.31170155528133,100.43976262922916,9865.648356626703,3145.493740472651,0.6395095936139712,3.5632810810974807
708,381.1255647684525,96.62248190747297,9933.283270334905,3111.1555130665265,0.6277113769293742,3.553560968728211
709,381.1255647684525,96.62248190747297,9933.283270334905,3111.1555130665265,0.6277113769293742,3.553560968728211
710,381.1255647684525,96.62248190747297,9933.283270334905,3111.1555130665265,0.6277113769293742,3.553560968728211
711,381.1255647684525,96.62248190747297,9933.283270334905,3111.1555130665265,0.6277113769293742,3.553560968728211
712,373.0775783242066,96.07182438806961,9502.631140822252,3397.7091492343206,1.352346489362174,4.778829902602862
713,372.3973537455064,93.54742778896842,9505.056012456987,3491.7496381620617,1.0617724500416066,4.608702664694125
714,370.10330750274625,98.51776922883793,9610.106573100302,3989.2181612882414,3.1439454050426865,2.8175743944071083
715,367.14316775410174,98.39844811349735,9746.499561462437,4110.109968558791,3.489025576927769,2.816309741681314
716,367.14316775410174,98.39844811349735,9746.499561462437,4110.109968558791,3.489025576927769,2.816309741681314
717,367.14316775410174,98.39844811349735,9746.499561462437,4110.109968558791,3.489025576927769,2.816309741681314
718,363.4678388933694,102.0447671597232,9702.502994238617,4015.5442712676113,3.2398657735527028,2.5490106333305493
719,355.22172644201095,86.97090365089701,9405.720727413169,3800.8456076250955,3.9831405920691565,2.553691183917921
720,356.64369701749814,89.90030030894002,9137.920828639408,4005.638429727018,4.249276171056271,3.115664561955596
721,401.78453996490646,89.06597134403393,9476.362089197037,3292.2680567735024,3.5305161690832376,4.285916443479444
722,407.0770512445176,88.86301474568634,9596.872419037336,3317.2963062276854,3.2275126510824945,4.145691930622599
723,407.0770512445176,88.86301474568634,9596.872419037336,3317.2963062276854,3.2275126510824945,4.145691930622599
724,391.02934688613345,90.51580142211094,9663.739766612678,3042.2994510464982,3.399878972810293,4.18948410312759
725,391.02934688613345,90.51580142211094,9663.739766612678,3042.2994510464982,3.399878972810293,4.18948410312759
726,391.02934688613345,90.51580142211094,9663.739766612678,3042.2994510464982,3.399878972810293,4.18948410312759
727,391.02934688613345,90.51580142211094,9663.739766612678,3042.2994510464982,3.399878972810293,4.18948410312759
728,380.3897003261404,95.81369272637592,9562.93665391734,3052.5002143861902,3.2138594358743475,4.288557375868348
729,379.7169250421416,92.05580751523361,9671.788759827821,3176.9820728953637,3.450943859140641,3.915107859588533
730,379.7169250421416,92.05580751523361,9671.788759827821,3176.9820728953637,3.450943859140641,3.915107859588533
731,379.73261901637136,89.4322987826313,9701.326652996175,3134.0582977376775,3.4228209686492033,3.6646761033138913
732,375.11754656025255,91.58887070503263,9631.115617740616,3065.0439301818546,3.4352233483039405,3.792081327072234
733,381.9744100681617,95.70754437483286,9728.97814478169,3027.5047002219944,3.5290491365584145,3.6853156479878857
734,381.9744100681617,95.70754437483286,9728.97814478169,3027.5047002219944,3.5290491365584145,3.6853156479878857
735,377.6776256822171,95.11518335299222,9802.002322832486,3196.449589917751,3.5019942525017886,4.067252353524592
736,386.45810314263935,96.84078840069792,9777.782909322828,3040.6057111155283,3.4071680097493346,4.065711006418284
737,381.3340799115742,80.84371219832414,9698.34730806218,3388.2273084089024,3.2118962174647834,2.9749402393371014
738,347.8687754460579,86.3890615077115,9335.628587435407,3116.4453197802986,4.507609079606374,4.953965975262593
739,347.8687754460579,86.3890615077115,9335.628587435407,3116.4453197802986,4.507609079606374,4.953965975262593
740,347.8687754460579,86.3890615077115,9335.628587435407,3116.4453197802986,4.507609079606374,4.953965975262593
741,351.19446001763197,84.4660241103835,9327.691100271673,3265.555369604123,4.148295498550107,4.987080274938511
742,344.3783328244927,92.59795076427679,9383.294556898283,3376.4084435562772,3.7506162746698752,4.817530265433621
743,352.498738743771,96.35634975225867,9573.267663987872,3529.068714886758,3.3050337026649093,4.730435385239927
744,338.6910525814164,84.89220008939341,9833.359062979496,3272.7500846550492,4.197922110567891,4.4423031915309625
745,331.80064031324054,85.91035336454898,9709.553105187477,3491.7741971151218,4.051091044578452,4.24869101969473
746,334.63949074472276,85.57109407077319,9972.7604928925,3563.6052994689426,4.026326350958463,4.563616957294024
747,334.63949074472276,85.57109407077319,9972.7604928925,3563.6052994689426,4.026326350958463,4.563616957294024
748,331.1493526587724,85.94263817461318,9958.777057139465,3741.671761484063,3.8011272741573907,4.307469308827723
749,331.1493526587724,85.94263817461318,9958.777057139465,3741.671761484063,3.8011272741573907,4.307469308827723
750,331.1493526587724,85.94263817461318,9958.777057139465,3741.671761484063,3.8011272741573907,4.307469308827723
751,331.1493526587724,85.94263817461318,9958.777057139465,3741.671761484063,3.8011272741573907,4.307469308827723
752,331.1493526587724,85.94263817461318,9958.777057139465,3741.671761484063,3.8011272741573907,4.307469308827723
753,331.1493526587724,85.94263817461318,9958.777057139465,3741.671761484063,3.8011272741573907,4.307469308827723
754,333.11875510280555,87.95860427122801,9977.330655089114,3650.3147576469974,3.589541486920607,4.10761346655945
755,344.6813610106345,79.97792612301149,9765.158740453506,3818.324221863629,4.425525883702817,4.995562000463879
756,343.3526596701111,76.90028686883774,9696.156023706786,3924.8275713453477,4.45005534716037,4.627569357328833
757,349.73952596907907,73.80290006619295,9639.658203208872,3981.627291337727,4.6184016990175145,4.230438707552756
758,357.88671688241044,72.91701762566221,9593.031621566515,4008.6267990042406,4.36827865618556,3.6053765506497495
759,352.518753513673,91.74053308219504,9981.756201226051,3196.968825306213,4.82762316776152,4.10551903302724
760,354.19123556262025,92.67128724434075,9970.063645976667,3245.6970675715966,4.628695160183143,3.6833587010706
761,349.1909430667372,96.59635289430804,9898.300366446776,3363.1196049362497,4.471412515908538,4.024658891267718
762,353.7951888531821,96.5095770567767,9836.104844112462,3418.092929712884,4.670955931044709,4.17101300230751
763,358.42664741012834,103.34093528691959,9896.587604933364,3520.9419286640596,4.906607139551402,3.8447949607670124
764,358.42664741012834,103.34093528691959,9896.587604933364,3520.9419286640596,4.906607139551402,3.8447949607670124
765,358.42664741012834,103.34093528691959,9896.587604933364,3520.9419286640596,4.906607139551402,3.8447949607670124
766,368.47509884342554,95.58141388785133,9869.514807896876,3511.80776292659,4.3089075647778605,3.4822186647946483
767,367.6525315314307,91.23216626321907,9860.856232882481,3622.163728954434,4.394354978568047,3.6454401382601804
768,367.8351851252477,93.50114239693697,9936.529286366726,3525.3794148107736,3.9816996199007755,3.804773089701143
769,353.503162243034,88.4837474429448,9995.63003714173,3231.80224041187,3.9931181768884776,3.6743858842874246
770,353.503162243034,88.4837474429448,9995.63003714173,3231.80224041187,3.9931181768884776,3.6743858842874246
771,353.503162243034,88.4837474429448,9995.63003714173,3231.80224041187,3.9931181768884776,3.6743858842874246
772,353.503162243034,88.4837474429448,9995.63003714173,3231.80224041187,3.9931181768884776,3.6743858842874246
773,352.38734394572873,92.90599166617828,9998.666903164325,3259.3838533066523,4.229360131572123,3.6119534040338404
774,352.38734394572873,92.90599166617828,9998.666903164325,3259.3838533066523,4.229360131572123,3.6119534040338404
775,337.68692450027424,82.15851006114092,9667.343132750728,4326.915247070512,3.58881262042715,3.8142186301121175
776,342.8060161534312,74.9643104639691,9556.653207585317,4197.20469762609,3.993288411230792,3.3421104979499674
777,343.2542732654524,80.98907674829454,9640.669026181964,4076.8269216491967,3.894499638289285,3.2882581806352866
778,340.2544670983222,79.85729210426312,9571.077679735108,4074.234392310098,3.7465970473893218,3.2410789926034904
779,340.2544670983222,79.85729210426312,9571.077679735108,4074.234392310098,3.7465970473893218,3.2410789926034904
780,355.2866180029577,137.55879470078412,9833.718974606396,3464.566298953678,4.24055888403475,4.2606249164074725
781,355.2866180029577,137.55879470078412,9833.718974606396,3464.566298953678,4.24055888403475,4.2606249164074725
782,355.7046724491742,139.34053270689827,9806.843896825672,3747.188428398723,4.220106807680144,4.115599700329829
783,355.7046724491742,139.34053270689827,9806.843896825672,3747.188428398723,4.220106807680144,4.115599700329829
784,359.01628803970385,142.01716176835401,9823.482654264453,3727.6533595545507,4.818651909900995,3.9348658268125902
785,359.7298167417737,147.43517832587088,9734.80658771375,3729.0886792799492,4.997955818662835,3.7391449508861805
786,360.7133962080255,141.8231291971464,9740.972705053773,3852.658090956314,4.993500337783058,3.3817430414982166
787,360.7133962080255,141.8231291971464,9740.972705053773,3852.658090956314,4.993500337783058,3.3817430414982166
788,375.11720526149395,139.97761615291657,9811.65170056388,4079.8658126078153,4.74128958332001,3.5548081850219657
789,375.11720526149395,139.97761615291657,9811.65170056388,4079.8658126078153,4.74128958332001,3.5548081850219657
790,371.0605762423905,131.6011654489578,9732.884608282346,4184.244700596775,4.783493309566139,3.242627941485109
791,376.3384315089834,131.72172299398704,9758.656532554773,4096.316112502187,4.3981016485086135,3.2465793740130775
792,371.5773641171503,129.9845340008522,9922.268065658938,3912.7364123003345,4.555212949395975,3.578965005786528
793,367.13101909552876,131.7558604858785,9972.929802321114,4079.152830431911,4.8126286319641,3.446647471520853
794,367.13101909552876,131.7558604858785,9972.929802321114,4079.152830431911,4.8126286319641,3.446647471520853
795,360.4520149640593,138.23736461814326,9932.894892745191,4096.323049921897,4.708588136256081,3.4975188903753187
796,358.2230381113538,140.3279921298095,9886.218080157298,4037.790085845356,4.358667422412138,3.7524127719084
797,360.54018565141797,137.98618664563875,9989.352270306545,3993.5560402385645,4.074029011694975,3.9312268923108498
798,360.54018565141797,137.98618664563875,9989.352270306545,3993.5560402385645,4.074029011694975,3.9312268923108498
799,364.30674285956286,136.33946510550925,9947.840403476433,4119.436083419071,4.32515615953139,3.6434522256470445
800,353.01751262393316,138.7186029704656,9955.001672206152,4135.558116605608,4.48263816387258,3.5449177291185365
801,353.01751262393316,138.7186029704656,9955.001672206152,4135.558116605608,4.48263816387258,3.5449177291185365
802,350.87490775154913,134.46648505498942,9858.514243142039,4063.9493291550425,4.828187376725652,3.6472923931636787
803,350.87490775154913,134.46648505498942,9858.514243142039,4063.9493291550425,4.828187376725652,3.6472923931636787
804,360.89017855691844,116.25621525130512,9672.783746359548,4112.558415037679,2.6198742392934107,0.16615060474210927
805,366.34038465896157,116.40517126983269,9844.196854122229,4093.6828726878693,2.7424120426055505,0.27163887699213907
806,376.2564972915342,109.64409472731859,9824.494375034425,4190.195738521972,2.9189784130345995,0.37636057171958537
807,382.40546156114414,113.39357610088894,9913.483135514403,4124.900925421999,3.095945367902897,0.313838099819844
808,377.29377327986396,108.63587989536043,9967.355345244923,4313.317719517086,2.8397637231664503,0.2739460724319207
809,377.29377327986396,108.63587989536043,9967.355345244923,4313.317719517086,2.8397637231664503,0.2739460724319207
810,370.1129702455613,100.13846213471479,9593.483913587657,4415.379891426524,4.197936184969655,1.1737307373691601
811,359.5278207963353,95.68867521668638,9443.90102197882,3981.322410110439,3.063869510580601,2.6478032369893247
812,338.1131332887062,101.51619056883423,9388.287773400743,3304.429464244792,2.9160435666864872,0.41392643778008953
813,338.1131332887062,101.51619056883423,9388.287773400743,3304.429464244792,2.9160435666864872,0.41392643778008953
814,337.1802973271235,101.21797315709173,9521.382887781458,3323.6417977043056,3.2532554840450896,0.4840520820774449
815,337.1802973271235,101.21797315709173,9521.382887781458,3323.6417977043056,3.2532554840450896,0.4840520820774449
816,337.1802973271235,101.21797315709173,9521.382887781458,3323.6417977043056,3.2532554840450896,0.4840520820774449
817,337.1802973271235,101.21797315709173,9521.382887781458,3323.6417977043056,3.2532554840450896,0.4840520820774449
818,340.37640464602043,95.70856581067173,9481.155220598266,3591.254215594918,3.083159668290993,0.2098783728552415
819,340.37640464602043,95.70856581067173,9481.155220598266,3591.254215594918,3.083159668290993,0.2098783728552415
820,340.37640464602043,95.70856581067173,9481.155220598266,3591.254215594918,3.083159668290993,0.2098783728552415
821,340.37640464602043,95.70856581067173,9481.155220598266,3591.254215594918,3.083159668290993,0.2098783728552415
822,339.1314452374288,93.37269274660288,9412.918262941319,3535.19255258585,3.2810012199791077,0.13912881334635846
823,341.7024585577968,88.48779054220861,9429.465408995704,3505.0768118874453,3.315860155416878,0.13107263847254125
824,345.7564729378665,87.54216153175109,9499.221248543483,3528.93982045832,3.396255731474516,0.19662059756323613
825,357.6577294032353,81.05057297807635,9815.743803197409,3235.1183216377403,3.0028207703813665,0.6582786907841833
826,360.22215034854077,76.76955075929257,9825.959017072524,3288.0516364766413,3.324437336824385,0.5172277718981965
827,361.98121761768897,81.47529870595005,9881.413848822325,3209.517448846559,3.815892204007136,0.11703710309079465
828,361.98121761768897,81.47529870595005,9881.413848822325,3209.517448846559,3.815892204007136,0.11703710309079465
829,357.55907208623205,83.59994041047031,9861.243351119969,3354.4319658552345,3.7137077195746455,0.7384387478221042
830,346.23053332898814,80.17407764741554,8991.51233204694,3300.5360732801237,4.745694251244815,1.6815792531460496
831,341.15121830117175,101.46129271711412,8974.611787357486,3469.0235897194584,4.585594090033012,2.2890424279407187
832,341.15121830117175,101.46129271711412,8974.611787357486,3469.0235897194584,4.585594090033012,2.2890424279407187
833,335.32316353636315,102.27587653317707,8975.036427048859,3430.4435190029913,4.314802647041935,2.413489012466108
834,335.32316353636315,102.27587653317707,8975.036427048859,3430.4435190029913,4.314802647041935,2.413489012466108
835,335.32316353636315,102.27587653317707,8975.036427048859,3430.4435190029913,4.314802647041935,2.413489012466108
836,335.32316353636315,102.27587653317707,8975.036427048859,3430.4435190029913,4.314802647041935,2.413489012466108
837,339.6628725663723,104.62399866258947,9112.008614762019,3444.2386533999015,4.655149797099419,2.1676290962476528
838,339.6628725663723,104.62399866258947,9112.008614762019,3444.2386533999015,4.655149797099419,2.1676290962476528
839,337.7793644607269,106.30761280391944,9203.00221425326,3479.7514955061647,4.617807495380253,1.946356430432655
840,337.7410892063669,105.45141276579794,9218.354655362096,3593.0927199989633,4.71337746545244,2.3204812899519487
841,337.3625012884822,102.05818828098741,9111.843935861634,3800.0891366625615,4.282661293274886,2.786252956437879
842,368.6954023560923,105.14832149626363,9629.51022680644,3872.4809196347046,4.573916526500694,3.6210577005290965
843,368.1249148289435,110.1055481080727,9697.381760694036,3975.769065406743,4.742693881953732,3.5662676853579653
844,364.35028885583665,106.55188514811113,9641.51999032227,3891.2983146397232,4.85706736857022,3.6809275953806893
845,364.35028885583665,106.55188514811113,9641.51999032227,3891.2983146397232,4.85706736857022,3.6809275953806893
846,364.35028885583665,106.55188514811113,9641.51999032227,3891.2983146397232,4.85706736857022,3.6809275953806893
847,364.35028885583665,106.55188514811113,9641.51999032227,3891.2983146397232,4.85706736857022,3.6809275953806893
848,369.48922320216843,106.46943870278747,9673.119064338824,3811.582870690486,4.695457469328171,3.7619696845202264
849,369.6514104756606,105.4034276549946,9705.10141765827,3820.087742386389,4.674756861600412,3.793194976538763
850,374.5687135003661,100.21898221644796,9867.406446736793,3890.2763358874363,4.513489634653732,4.045665849854091
851,374.5687135003661,100.21898221644796,9867.406446736793,3890.2763358874363,4.513489634653732,4.045665849854091
852,370.46089375768526,97.82689568742528,9685.49961017661,4053.863513334607,4.517566892936943,3.825734084304451
853,391.4971580259833,85.6081991188589,9118.716258421702,4911.559830950912,3.7218655620204024,2.5147628861866793
854,354.7044565001093,104.01649580117186,9167.394703772683,3811.8087665757353,3.3313151405500396,2.4391688366163726
855,358.86677368499215,104.12946954319216,9159.50256126952,3871.518825408406,3.389377885665715,2.6882351214285274
856,358.86677368499215,104.12946954319216,9159.50256126952,3871.518825408406,3.389377885665715,2.6882351214285274
857,362.0367273110395,107.9568671817311,9180.610461406493,4067.342542358543,3.063273307305814,2.803930495492626
858,369.142909121319,105.3388268241595,9083.79744668622,4139.285166378709,3.1575324023796334,2.4663552600107046
859,365.08640234563137,102.8724996531098,8963.213505309526,4266.727521649105,3.036988509260998,2.2297904362063075
860,361.65650384692333,105.55220190515865,9013.298994144945,4247.183201990751,3.2096517379675698,2.105642535846421
861,359.31016106633757,102.17494535589194,8978.59678220529,4183.552969716815,3.503086273325036,2.3427333404272717
862,364.1694569624992,99.35356800533648,8962.4754029266,4038.0119000286422,3.5125203105082954,2.3401844828482536
863,362.33704053733277,98.4744643936965,9052.200705374918,4123.013660366581,3.3699460965696195,2.2337137102269917
864,362.33704053733277,98.4744643936965,9052.200705374918,4123.013660366581,3.3699460965696195,2.2337137102269917
865,362.33704053733277,98.4744643936965,9052.200705374918,4123.013660366581,3.3699460965696195,2.2337137102269917
866,350.34847197694444,97.51770276257791,8977.8830230876,4150.613248680663,3.2870460594240516,1.9900768112503848
867,354.19926591456226,92.78262527405082,8906.026434802967,4028.1096949172493,3.1105226853796086,2.063365462524217
868,354.19926591456226,92.78262527405082,8906.026434802967,4028.1096949172493,3.1105226853796086,2.063365462524217
869,396.66744112342604,80.4205722769652,8592.549387587023,4194.253089863838,3.6368666516818533,0.4022107656655888
870,390.0562852235006,70.76219694406191,8609.140870406485,4207.681385639548,3.3980710251946324,0.5032181909766111
871,390.0562852235006,70.76219694406191,8609.140870406485,4207.681385639548,3.3980710251946324,0.5032181909766111
872,390.0562852235006,70.76219694406191,8609.140870406485,4207.681385639548,3.3980710251946324,0.5032181909766111
873,390.0562852235006,70.76219694406191,8609.140870406485,4207.681385639548,3.3980710251946324,0.5032181909766111
874,390.0562852235006,70.76219694406191,8609.140870406485,4207.681385639548,3.3980710251946324,0.5032181909766111
875,395.38465723666906,72.17043150994263,8707.339358515244,4246.954935651188,3.0495629390401096,0.5302966569839339
876,395.38465723666906,72.17043150994263,8707.339358515244,4246.954935651188,3.0495629390401096,0.5302966569839339
877,389.59198628880097,73.02945809004709,8776.11834469398,4262.178897959686,3.1021861331040883,0.5403791074695834
878,389.59198628880097,73.02945809004709,8776.11834469398,4262.178897959686,3.1021861331040883,0.5403791074695834
879,389.59198628880097,73.02945809004709,8776.11834469398,4262.178897959686,3.1021861331040883,0.5403791074695834
880,394.58114423168377,86.3701620766112,9001.070906574547,3784.685677668835,4.1030920141155915,3.5059343974134873
881,418.59324943635676,87.96562313079255,9235.771257356071,3585.955894523981,3.4154481650953326,3.5195193327150527
882,410.64479739850435,83.00791374883414,9271.463551882247,3420.8434816715576,3.4069495453344976,3.378047509760219
883,414.08139509838725,80.74326496135961,9233.156413547902,3329.551936041613,3.8698053112647193,3.3083294217892227
884,405.04936955080484,83.09786944351467,9204.104436854497,3350.983394462304,3.790719576035805,2.8005032906437273
885,435.47783231250264,89.4013584067234,9549.93992425663,3764.2713830509892,2.0267387715784992,1.4282806585431453
886,401.1421356292336,99.97115548944275,9261.325849688745,4282.87024179029,1.3244032804831405,1.7156917804327978
887,398.2845821297783,96.70385142676437,9179.382604973644,4201.08900095871,0.994622868609675,1.630523962229015
888,396.15312809311234,104.75668669062452,9061.997017640397,4367.073927648227,1.1069357951689025,1.452687814230239
889,396.15312809311234,104.75668669062452,9061.997017640397,4367.073927648227,1.1069357951689025,1.452687814230239
890,392.5082180295654,106.18211339994147,9048.341940527644,4516.056295294556,0.891255133612072,0.9811748303838421
891,398.6358642260316,103.4852661198253,9064.187663281402,4385.776325086994,0.9288184894686635,0.9114606826393223
892,398.6358642260316,103.4852661198253,9064.187663281402,4385.776325086994,0.9288184894686635,0.9114606826393223
893,410.91953472994356,124.1057040141449,8883.674222361808,3221.3092862891062,3.645748138213491,0.19270379162176404
894,405.761702104704,123.70068996593905,8823.472937620485,3088.071214319736,3.8090492105595923,0.24072046850859824
895,405.761702104704,123.70068996593905,8823.472937620485,3088.071214319736,3.8090492105595923,0.24072046850859824
896,405.761702104704,123.70068996593905,8823.472937620485,3088.071214319736,3.8090492105595923,0.24072046850859824
897,390.3382929516853,123.6573467745205,8882.562120547384,3085.8237891234544,3.89970126656127,0.6058577353548515
898,381.68837666209913,125.03895623127465,8916.745167789206,3043.2977133757995,4.223445161997457,0.7780066681499352
899,444.05572029678007,96.86643000589875,9850.757622741748,3308.989020911629,1.8453855848866059,0.8138517350334583
900,421.0571146692883,106.72736404997698,9475.239459472055,3169.0463847657616,2.360130691256202,3.4408960937838864
901,414.7490399722942,109.02212336721851,9522.284550345064,3271.5799612372284,2.0608558171584397,3.6152999822603316
902,417.0479612886137,108.39231703950315,9625.203522378204,3281.533224068553,1.8168039467631574,3.1183911616493973
903,415.38164943841474,108.17230897184984,9596.879720106443,3309.61473039465,1.6833243672389724,2.7404683474730644
904,416.76167668661736,111.8238621446047,9649.706623179947,3330.378406826295,2.220215436407087,3.00320945497985
905,416.76167668661736,111.8238621446047,9649.706623179947,3330.378406826295,2.220215436407087,3.00320945497985
906,411.28424449269966,109.6186610160282,9779.943474700262,3257.938761344343,1.602214008846437,3.1260032449984014
907,455.4850493298451,80.86802178730758,9308.96138536415,3108.5622062843163,0.4700883353412165,3.3770119121334323
908,455.4850493298451,80.86802178730758,9308.96138536415,3108.5622062843163,0.4700883353412165,3.3770119121334323
909,416.2123731562018,71.58683973431117,9360.2831150879,3215.2940857071308,0.4867009351491485,4.595542632124474
910,410.1091335257067,75.66158003277681,9263.982826802561,3237.6048710936525,0.604037900711154,4.120850866580541
911,409.53286713765607,77.97111578912579,9297.101623035724,3177.555353340733,0.9506017986937906,4.299223257715384
912,409.0327051199501,72.0960815537911,9245.787982180838,3017.0613630242124,0.428729735334925,4.385977147856014
913,409.0327051199501,72.0960815537911,9245.787982180838,3017.0613630242124,0.428729735334925,4.385977147856014
914,409.0327051199501,72.0960815537911,9245.787982180838,3017.0613630242124,0.428729735334925,4.385977147856014
915,409.0327051199501,72.0960815537911,9245.787982180838,3017.0613630242124,0.428729735334925,4.385977147856014
916,409.0327051199501,72.0960815537911,9245.787982180838,3017.0613630242124,0.428729735334925,4.385977147856014
917,409.0327051199501,72.0960815537911,9245.787982180838,3017.0613630242124,0.428729735334925,4.385977147856014
918,409.0327051199501,72.0960815537911,9245.787982180838,3017.0613630242124,0.428729735334925,4.385977147856014
919,409.0327051199501,72.0960815537911,9245.787982180838,3017.0613630242124,0.428729735334925,4.385977147856014
920,409.0327051199501,72.0960815537911,9245.787982180838,3017.0613630242124,0.428729735334925,4.385977147856014
921,409.0327051199501,72.0960815537911,9245.787982180838,3017.0613630242124,0.428729735334925,4.385977147856014
922,385.8810485254557,96.43247482847423,9362.020356019222,4456.075550597356,1.959209012735371,4.111720128121129
923,385.8810485254557,96.43247482847423,9362.020356019222,4456.075550597356,1.959209012735371,4.111720128121129
924,368.5235586585671,94.71461435826745,8143.923682799639,3510.277451759435,1.4047543267600127,2.3504050812391486
925,361.9711130283192,83.65933571597898,8440.654248639146,3190.7251422623126,2.2235580966067015,1.0786030185863547
926,356.7626076385711,85.07734730867335,8363.308701402584,3154.246328073254,2.5264846197782487,1.2748682082081746
927,358.5286726698818,86.16927786099762,8380.722999347367,3236.872337228554,2.7411688741325917,1.3498930855742668
928,368.4942068857613,81.63282255614119,8353.02541326241,3013.791965667577,2.8136354056863655,1.5414369819685994
929,366.06453422567483,101.06248985706347,9009.546218618623,3223.214795285753,0.9045712863305475,2.427076353065912
930,362.99420076081947,96.87477738830992,9014.323732377463,3151.4911331628505,1.2222123282786204,2.4997962940012863
931,363.16653518129294,116.48786089423209,8794.672007363712,4067.4390253146676,4.339959847165589,2.4127842378991353
932,363.16653518129294,116.48786089423209,8794.672007363712,4067.4390253146676,4.339959847165589,2.4127842378991353
933,360.95461037027144,115.54291592374732,8873.596963969943,4038.146145852884,4.540820166012817,2.3554961485432986
934,364.9269978541264,112.55037255237227,8951.38233629024,4186.21581210994,4.67028202300495,2.2599220668632065
935,364.6065436346745,84.16861877337732,8849.758794283804,3833.659743887763,3.7730331329636213,0.1526005896837956
936,364.50820995523287,81.30746662677863,8815.70547824645,3890.3205595480604,3.765765021651966,0.249841437742571
937,364.50820995523287,81.30746662677863,8815.70547824645,3890.3205595480604,3.765765021651966,0.249841437742571
938,364.50820995523287,81.30746662677863,8815.70547824645,3890.3205595480604,3.765765021651966,0.249841437742571
939,351.5257648872983,73.0867333199505,9377.397158093729,3804.6701046225644,4.871409519037108,1.77354328799739
940,351.5257648872983,73.0867333199505,9377.397158093729,3804.6701046225644,4.871409519037108,1.77354328799739
941,351.5257648872983,73.0867333199505,9377.397158093729,3804.6701046225644,4.871409519037108,1.77354328799739
942,346.7100911263023,71.27135006122889,9536.158687432611,3780.3200964787884,4.987309168462669,1.743166514913293
943,341.99549555784523,70.37085871751826,9536.06955432702,3926.0636382275397,4.982364263171494,1.5081918013493378
944,336.62726479407064,74.59894952174838,9370.40105365939,3980.069311511362,4.858192473366273,0.9313009680274316
945,336.62726479407064,74.59894952174838,9370.40105365939,3980.069311511362,4.858192473366273,0.9313009680274316
946,336.62726479407064,74.59894952174838,9370.40105365939,3980.069311511362,4.858192473366273,0.9313009680274316
947,336.62726479407064,74.59894952174838,9370.40105365939,3980.069311511362,4.858192473366273,0.9313009680274316
948,336.62726479407064,74.59894952174838,9370.40105365939,3980.069311511362,4.858192473366273,0.9313009680274316
949,336.62726479407064,74.59894952174838,9370.40105365939,3980.069311511362,4.858192473366273,0.9313009680274316
950,336.62726479407064,74.59894952174838,9370.40105365939,3980.069311511362,4.858192473366273,0.9313009680274316
951,343.79075054469035,74.25002934290055,9342.17578148848,3881.1729137898983,4.547522575454171,0.8886873285721265
952,386.66887066432133,104.67517491216253,9061.47321383516,3417.319730339702,4.094704115249046,1.6902762577365362
953,384.7131575260274,93.06125100955752,9336.15271995563,3414.7591478572126,3.753051416017549,3.0885761788376613
954,361.71579573290876,112.59426819459985,9897.398533594554,3142.2435913122463,3.6455933312324373,3.370089892419859
955,361.71579573290876,112.59426819459985,9897.398533594554,3142.2435913122463,3.6455933312324373,3.370089892419859
956,336.19890358557853,102.14244568753524,9592.372426885655,3523.0797625297673,3.824130412449737,3.3089164103660917
957,336.6798334032581,105.02524411772357,9588.065857046817,3630.5749025412993,4.205529882649272,3.3639556388187746
958,341.27566819516477,101.4371206640531,9601.001143950634,3648.3740181553367,3.4715317803416523,3.4866245772875537
959,337.2433677934672,99.5200740119854,9496.037960009528,3467.2862756387262,4.048842310503221,3.5230910131418978
960,342.3464729959147,133.3918513484828,9227.176495831496,3016.862647695366,3.222329348637927,3.088992161074681
961,342.3464729959147,133.3918513484828,9227.176495831496,3016.862647695366,3.222329348637927,3.088992161074681
962,342.3464729959147,133.3918513484828,9227.176495831496,3016.862647695366,3.222329348637927,3.088992161074681
963,342.3464729959147,133.3918513484828,9227.176495831496,3016.862647695366,3.222329348637927,3.088992161074681
964,342.3464729959147,133.3918513484828,9227.176495831496,3016.862647695366,3.222329348637927,3.088992161074681
965,342.3464729959147,133.3918513484828,9227.176495831496,3016.862647695366,3.222329348637927,3.088992161074681
966,342.3464729959147,133.3918513484828,9227.176495831496,3016.862647695366,3.222329348637927,3.088992161074681
967,345.22081279266143,133.41853907346584,9443.980354723999,3015.6538921620518,2.9386137058062154,3.2024886282253973
968,345.22081279266143,133.41853907346584,9443.980354723999,3015.6538921620518,2.9386137058062154,3.2024886282253973
969,350.12914976435144,126.84307350897548,9521.838440557314,3068.75811955499,2.9428502007386332,3.53105006731158
970,348.63595105643344,126.40101179776875,9358.292652770955,3131.6120733226676,3.140455823564853,3.0122890259417527
971,337.4948339804368,128.76840704101824,9345.616868217334,3121.287462016986,3.9997214932996927,4.385122967295612
972,336.02058412825863,124.4487378946117,9350.898339797066,3032.318889684579,3.7274711781950476,4.043425919158623
973,338.1826646476867,129.42203326536236,9399.782994781932,3250.919415329817,3.9744976942858203,3.7507028312689505
974,346.18132927605654,125.80741005345111,9438.828446960317,3154.059041545558,4.272498193945751,3.8328186936720163
975,346.18132927605654,125.80741005345111,9438.828446960317,3154.059041545558,4.272498193945751,3.8328186936720163
976,346.18132927605654,125.80741005345111,9438.828446960317,3154.059041545558,4.272498193945751,3.8328186936720163
977,334.69519853946156,124.23047474660194,9283.744811282679,3205.851585764116,4.569979964871674,4.370222202669554
978,334.69519853946156,124.23047474660194,9283.744811282679,3205.851585764116,4.569979964871674,4.370222202669554
979,331.9602007297827,140.93463102236763,9096.560078749693,3368.46116406802,3.6930325421475554,4.554347222942268
980,337.12002267918507,143.3732667615367,9122.383093776401,3482.1376922277836,3.615435844382902,4.7139032840349655
981,337.12002267918507,143.3732667615367,9122.383093776401,3482.1376922277836,3.615435844382902,4.7139032840349655
982,337.92029531035854,137.99722088004395,9185.468980934425,3406.086560875315,3.301396355654597,4.9788976638516695
983,336.2080808109955,140.1280586169422,9151.796310388341,3618.2621166686076,2.9997570186238987,4.643594386391466
984,336.2080808109955,140.1280586169422,9151.796310388341,3618.2621166686076,2.9997570186238987,4.643594386391466
985,352.86217179555825,91.48499248825658,8293.869362456764,3929.1088997884663,2.112175318902262,4.2403594082984695
986,394.27198603932555,71.97928136607533,8138.624844504856,4270.0943768207035,3.1031168876501094,4.153706347849634
987,393.2944401694529,76.45128900636098,8026.745769520383,4179.133489703335,3.2491101832443303,4.47344052152428
988,378.0013131177935,73.33677044513841,8117.430716068843,4137.063899306444,3.0974241685578128,4.8144663474479765
989,372.2044453077112,81.2207548749435,8283.247505140485,4177.450533974941,3.2073878436476573,4.3628376116618055
990,382.7261471590242,82.11908445698565,8385.853526765384,4193.889953962265,2.9187697899235596,4.4880491307386565
991,387.3284433491537,81.12111355250416,8376.30432078405,4300.218984010069,3.1062624079853225,4.716011070664456
992,385.98391528538434,77.940693465199,8347.906135416444,4453.901927777759,3.293747427186664,4.614130496280918
993,385.98391528538434,77.940693465199,8347.906135416444,4453.901927777759,3.293747427186664,4.614130496280918
994,385.98391528538434,77.940693465199,8347.906135416444,4453.901927777759,3.293747427186664,4.614130496280918
995,385.98391528538434,77.940693465199,8347.906135416444,4453.901927777759,3.293747427186664,4.614130496280918
996,385.98391528538434,77.940693465199,8347.906135416444,4453.901927777759,3.293747427186664,4.614130496280918
997,383.14372700178365,74.77157707923433,8320.310343385236,4434.737716795069,3.194292183057456,4.412327004786647
998,385.96959576013876,79.00131911111164,8260.88051712329,4457.980452848895,3.2960288590374933,4.263676138513054
999,395.28686550978773,77.26315126481391,8497.09759479081,4651.193770449927,3.70452113112189,4.951234020443819
1000,410.9154087400423,76.7536030101347,9179.107422337647,3350.9345503218965,1.840508404289584,3.8263700715509477
1001,437.38910342017607,77.32662242551004,9506.67927524288,3164.448674080105,0.16934905471923234,3.4913061266587357
1002,437.38910342017607,77.32662242551004,9506.67927524288,3164.448674080105,0.16934905471923234,3.4913061266587357
1003,437.38910342017607,77.32662242551004,9506.67927524288,3164.448674080105,0.16934905471923234,3.4913061266587357
1004,433.9713930628846,84.29809311885901,9506.357779750992,3072.950927592361,0.31399031178492526,3.402653496602904
1005,433.9713930628846,84.29809311885901,9506.357779750992,3072.950927592361,0.31399031178492526,3.402653496602904
1006,437.14419752896333,78.22699784296404,9598.223996200402,3036.7201955766805,0.24277782382184837,3.2190835871625376
1007,418.7824030549617,75.23162804327383,9295.562210793014,3391.608509357172,0.36696378961283016,3.9578416473139053
1008,418.7824030549617,75.23162804327383,9295.562210793014,3391.608509357172,0.36696378961283016,3.9578416473139053
1009,367.136321504268,90.46053741849344,9648.927521950216,3225.3985086669436,2.095856042445494,3.3250512504469087
1010,362.5422231221909,89.47789410964553,9599.09959084915,3308.954014874397,2.052370075169647,3.636651937111967
1011,347.2037735298381,96.8644432092487,9696.407066005475,3371.0840184207004,2.544556561752414,3.6003297261353024
1012,342.00834947663805,99.92602494860782,9611.177832682146,3492.588345805322,2.6124388586367298,4.08691040048315
1013,342.00834947663805,99.92602494860782,9611.177832682146,3492.588345805322,2.6124388586367298,4.08691040048315
1014,342.00834947663805,99.92602494860782,9611.177832682146,3492.588345805322,2.6124388586367298,4.08691040048315
1015,353.9518832788579,94.23064619534658,9702.775857193223,3665.869717170054,2.5644285033207455,4.156371259101201
1016,350.5981176280264,101.64530128767775,9681.718169168393,3872.7773179080505,2.822509534419337,4.106613426308442
1017,352.3132388572483,92.92640580634854,9656.236081523512,4513.6579188386495,1.1231828155672388,4.257235313709969
1018,350.13838167801856,91.27702140105038,9491.843349418805,4595.096108169475,1.1438411386274883,4.277524764448468
1019,350.15120126774883,92.10375097402225,9467.44427393361,4635.410168564573,1.4593865612698367,4.391462726540189
1020,339.57776411966773,96.56994335332152,9242.738654104473,4688.37058907615,1.4713245523006888,4.573308198697315
1021,338.8406355642094,87.72441881676956,9075.036939001266,4688.0885726948,1.525106915409559,4.93944045185276
1022,357.3951399742183,86.5588123182952,9194.362102026087,4669.798406255719,1.4784778496049598,4.935677257818019
1023,357.3951399742183,86.5588123182952,9194.362102026087,4669.798406255719,1.4784778496049598,4.935677257818019
1024,357.3951399742183,86.5588123182952,9194.362102026087,4669.798406255719,1.4784778496049598,4.935677257818019
1025,356.9801815841066,85.99189559731579,9003.773804404695,4768.849744248107,1.4234664007779279,4.997395040360693
1026,356.9801815841066,85.99189559731579,9003.773804404695,4768.849744248107,1.4234664007779279,4.997395040360693
1027,356.9801815841066,85.99189559731579,9003.773804404695,4768.849744248107,1.4234664007779279,4.997395040360693
1028,356.9801815841066,85.99189559731579,9003.773804404695,4768.849744248107,1.4234664007779279,4.997395040360693
1029,356.9801815841066,85.99189559731579,9003.773804404695,4768.849744248107,1.4234664007779279,4.997395040360693
1030,352.3486272936461,84.66029294286903,9147.123624505495,4692.9120217307845,1.4787203876549015,4.991363408671167
1031,360.0077225312182,82.5364459556518,9285.773676941802,4610.472750331541,1.3418220607401876,4.6114550615781775
1032,359.3362422392088,78.80798135977464,9320.150749914194,4622.717900604237,1.8074405543701912,4.600212599530046
1033,362.5051538605303,82.91390136476107,9171.552058897316,4621.264223978345,1.646214460859366,4.822755392108129
1034,362.5051538605303,82.91390136476107,9171.552058897316,4621.264223978345,1.646214460859366,4.822755392108129
1035,334.7684128502472,81.9674282334285,8825.953399119897,3746.1019344114347,1.7938140614270988,3.86080790568457
1036,332.34187150026924,78.21414624154201,8758.732608450637,3917.3247663634916,1.7812073813704479,4.184419501103137
1037,334.05082741514764,84.0871508699335,9150.391000940852,3629.4274648575083,1.6546456045058946,3.7442380827273176
1038,334.05082741514764,84.0871508699335,9150.391000940852,3629.4274648575083,1.6546456045058946,3.7442380827273176
1039,334.05082741514764,84.0871508699335,9150.391000940852,3629.4274648575083,1.6546456045058946,3.7442380827273176
1040,334.99606249473607,82.4844833170159,9131.433587416173,3731.326418558361,2.1533489023497214,4.25074827174715
1041,334.99606249473607,82.4844833170159,9131.433587416173,3731.326418558361,2.1533489023497214,4.25074827174715
1042,331.9123336675902,76.22969400209197,9004.342923835165,3693.0577027068507,2.687622743013615,4.3745888179924135
1043,337.4903895705785,70.21964441538856,8937.143162038743,3779.726437880071,2.2812821026909877,4.346385257639988
1044,337.4903895705785,70.21964441538856,8937.143162038743,3779.726437880071,2.2812821026909877,4.346385257639988
1045,337.4903895705785,70.21964441538856,8937.143162038743,3779.726437880071,2.2812821026909877,4.346385257639988
1046,335.09552762030836,73.59938873755777,8917.340801960621,3729.4251148216727,2.1562465274565197,4.399899659730762
1047,367.688576564378,78.1802349634753,9007.627998852242,3780.817391855595,2.050641189849694,3.559893266640363
1048,374.74875958809696,75.41066662556952,9043.134282994666,3777.7355155886726,1.9065212093921005,3.782528251751132
1049,363.8991129640599,81.33858418693924,8874.66131436969,3718.8000687485196,1.8411752463088316,3.780398632903456
1050,356.9843481648893,75.10859902691989,8910.396601950315,3683.5432485276106,1.9017772823220207,3.487984366030872
1051,363.6949030002452,77.28164530095067,8988.28839952715,3621.4409355392336,1.5055250878321418,3.2625740961156295
1052,336.6199561695771,90.06421086241525,8828.634195502022,3311.4389883467643,2.142242650933181,4.979788411450104
1053,380.1057454536648,93.62079391228605,9143.570126167968,3140.9522728443108,1.9459211163964996,4.627121665339844
1054,361.5294376143371,108.81221236808912,9532.892772479403,3360.506872203954,2.5624313575541313,3.950506651923736
1055,372.7677502715711,101.36737496013171,9451.954505876962,3897.211657326021,2.256864202877712,3.140046877928586
1056,334.21095974296304,89.71335973829446,9259.437324890107,4166.946221776274,2.4619909152376978,2.9406936206724654
1057,340.72530919750994,95.08350443582815,9243.254663124673,3997.2477464138647,2.1103221335019806,2.869467624520258
1058,339.4563361512506,89.24463418706192,9232.348121481728,4056.3324594825817,2.048194226547779,2.929602319926706
1059,347.83547114433696,85.93424305165757,9146.778565723098,4024.3146176461546,1.8513701576316253,3.112699348271429
1060,357.0086970405033,81.63411077348651,9746.185512550233,3301.2469167064583,0.8193930233353384,3.1349747043468366
1061,363.3706683434399,82.11736475405064,9860.450853051863,3248.834225393381,0.6637969263472685,2.6432335141755483
1062,363.3706683434399,82.11736475405064,9860.450853051863,3248.834225393381,0.6637969263472685,2.6432335141755483
1063,365.9943357558773,86.58468600436483,9959.214111209925,3023.965801203946,1.1693430121361532,2.1836015362708237
1064,364.3987334465344,93.93345046495571,9898.393202971802,3026.4203005406534,0.999327850941095,2.4148896811826117
1065,364.3987334465344,93.93345046495571,9898.393202971802,3026.4203005406534,0.999327850941095,2.4148896811826117
1066,368.104745308098,106.339811192409,9914.133557668578,4231.9130895425005,1.8362083555748523,1.2639565894859617
1067,368.104745308098,106.339811192409,9914.133557668578,4231.9130895425005,1.8362083555748523,1.2639565894859617
1068,368.104745308098,106.339811192409,9914.133557668578,4231.9130895425005,1.8362083555748523,1.2639565894859617
1069,368.79191362417663,102.08094887573498,9973.18290562603,4171.58564451123,1.6517263530664323,1.1466471292337483
1070,375.1395581951741,104.97895320249702,9883.74542650497,4007.864577267869,1.2202420985482036,0.25211115744161916
1071,382.5594646909154,105.64309116644765,9854.366884815721,4058.5360336501763,0.8460647557482947,0.6362389834473755
1072,381.4159853622642,104.70453782033461,9747.308872878832,4294.310857262129,0.5053864642709608,0.6228595901838485
1073,389.02553064006935,106.64011999031916,9619.502691378368,4421.356083737387,0.6864920565831698,0.6844334784191197
1074,389.02553064006935,106.64011999031916,9619.502691378368,4421.356083737387,0.6864920565831698,0.6844334784191197
1075,383.964027904469,107.9201405903692,9610.068946509931,4467.2686648293775,0.6519564639738229,0.7381906769127724
1076,392.6010044080483,105.17376994355637,9757.764968527945,4462.354536699895,0.5702906700991395,0.563264775167818
1077,385.79665866249195,107.16252037530842,9626.962547551175,4426.138558362634,0.879456162603428,0.5766399216663121
1078,385.0644508822939,106.81213511831237,9506.670948021598,4456.856687710242,0.9802615209231856,0.6384430148802727
1079,385.0644508822939,106.81213511831237,9506.670948021598,4456.856687710242,0.9802615209231856,0.6384430148802727
1080,385.74633303228137,105.9318888891983,9625.835101760036,4509.580342119571,1.4478210880904439,0.1791509110659501
1081,402.9786902774391,73.25973279255935,9668.55149456036,3925.765616587135,0.500816373515187,0.3454311267002511
1082,402.9786902774391,73.25973279255935,9668.55149456036,3925.765616587135,0.500816373515187,0.3454311267002511
1083,402.9786902774391,73.25973279255935,9668.55149456036,3925.765616587135,0.500816373515187,0.3454311267002511
1084,402.9786902774391,73.25973279255935,9668.55149456036,3925.765616587135,0.500816373515187,0.3454311267002511
1085,402.9786902774391,73.25973279255935,9668.55149456036,3925.765616587135,0.500816373515187,0.3454311267002511
1086,415.4460323844583,74.25263590230738,9653.719307688361,4409.333557654572,1.233365603321794,0.9531706263845481
1087,408.26325553071143,74.44950110774076,9743.187255609771,4424.409319307394,1.5450484118868697,0.4559910930957515
1088,408.26325553071143,74.44950110774076,9743.187255609771,4424.409319307394,1.5450484118868697,0.4559910930957515
1089,400.51948785363146,82.54839158740373,9718.013477377473,4457.1061567093975,1.5751429151840872,0.3934177971160341
1090,374.23867410843616,77.9096832018961,9026.120490861109,4713.918742279781,0.21524236004715772,1.4398117457936719
1091,388.0938738760981,98.01984575389612,9806.218482610131,3511.403646241576,1.7785024591934628,1.5178963862852959
1092,384.0313834506014,94.83957685694185,9929.597855879156,3377.3132351041677,2.0372225516494646,1.0168433412076519
1093,375.0212352340262,90.36436508922986,9998.294861483091,3391.288620997047,2.4730432643716465,0.7598577272834246
1094,378.96830046982046,87.47845283470389,9996.557218921142,3510.720576987146,2.3144572803093335,0.9443830968292478
1095,378.96830046982046,87.47845283470389,9996.557218921142,3510.720576987146,2.3144572803093335,0.9443830968292478
1096,370.68358575779,84.37871131581947,9985.473057610723,3473.6977580456796,2.9396438596320587,0.9816902203924751
1097,373.45846273129035,81.34059709319105,9924.066709763947,3607.6638258209946,2.7954377509569284,0.96835976508479
1098,373.45846273129035,81.34059709319105,9924.066709763947,3607.6638258209946,2.7954377509569284,0.96835976508479
1099,373.45846273129035,81.34059709319105,9924.066709763947,3607.6638258209946,2.7954377509569284,0.96835976508479
1100,388.1370761101129,81.13912865471143,9933.622927682702,3545.32234011332,2.2883678573028314,0.5897383380733972
1101,384.0378844348623,80.7259252380299,9833.482579430918,3491.853471217143,2.8385012720880707,0.5349840616424278
1102,388.99400137337125,81.64281928006767,9731.303351582033,3709.255767998519,2.7669271531021598,0.5889489721947654
1103,392.22408748313256,77.38125293083614,9672.27223897233,3734.7254186462983,2.561839370244099,0.42722941013458937
1104,392.22408748313256,77.38125293083614,9672.27223897233,3734.7254186462983,2.561839370244099,0.42722941013458937
1105,402.50498763439373,84.33345650578545,9862.898084692955,3592.236229411594,2.4802154294836996,0.8003248389302426
1106,405.3386562891714,83.73083567371992,9908.830098164737,3574.741629418105,2.3265552983432944,1.1460323952786975
1107,405.3386562891714,83.73083567371992,9908.830098164737,3574.741629418105,2.3265552983432944,1.1460323952786975
1108,409.19549450766397,86.01419890376336,9815.751804130005,3567.0944139417597,2.1540155594174633,1.2679485276613462
1109,405.35416923338664,78.67849619399004,9874.802870726666,3643.9571920888247,2.180827422079641,1.0627139169445552
1110,414.18366415508524,101.76438810983359,9853.65117258749,3644.7941351464924,0.7211407611544025,1.4700252265709137
1111,406.9683730178794,104.62627769103116,9807.611885921464,3710.292700185564,0.30229196593472296,1.7097118650388048
1112,413.32510965817363,100.40235135147523,9925.367049104767,3773.524743746051,0.7275470529667052,1.6325698378868736
1113,405.1014688877592,101.27928766657891,9892.11455247466,3734.447786652936,0.9511449005628478,1.6819433954396559
1114,405.1014688877592,101.27928766657891,9892.11455247466,3734.447786652936,0.9511449005628478,1.6819433954396559
1115,407.6052902577794,102.53220800117148,9918.913168536455,3635.1837459159647,0.9598680783614941,1.7454847882381057
1116,407.6052902577794,102.53220800117148,9918.913168536455,3635.1837459159647,0.9598680783614941,1.7454847882381057
1117,388.32100902565895,99.78669307981838,9591.780234317568,3875.1507739151675,0.6485234627079841,3.1143135366744286
1118,388.32100902565895,99.78669307981838,9591.780234317568,3875.1507739151675,0.6485234627079841,3.1143135366744286
1119,337.2320929340203,137.28343413911642,9652.210131120306,3677.698243449861,2.3086782039752527,4.306064965270499
1120,341.6747186754859,138.5122747627351,9679.867976594753,3454.7944476697835,2.1465717065362164,3.9566446934603245
1121,341.6747186754859,138.5122747627351,9679.867976594753,3454.7944476697835,2.1465717065362164,3.9566446934603245
1122,345.015464391511,147.36514402316678,9686.20992334785,3318.101441971203,2.347431920328391,3.64139855205818
1123,344.5253517108202,147.47024823797003,9620.287646818953,3302.2149716371896,2.6279913050142176,3.7989189511335284
1124,347.31117732344995,142.0481221052708,9640.780970280906,3195.471386333621,3.081407922603115,3.5322222935414915
1125,361.9218518321626,144.72572136229041,9370.348665493551,3051.3913636014454,2.6279316919602067,2.991153400494154
1126,351.74782181729057,146.99785296007116,9264.146879007592,3179.0973870203243,2.3167555987630113,2.125887017151586
1127,351.74782181729057,146.99785296007116,9264.146879007592,3179.0973870203243,2.3167555987630113,2.125887017151586
1128,351.74782181729057,146.99785296007116,9264.146879007592,3179.0973870203243,2.3167555987630113,2.125887017151586
1129,337.6903560756617,145.79042278204366,9270.795172831793,3038.649809134277,2.311091989502927,2.492594356419347
1130,337.6903560756617,145.79042278204366,9270.795172831793,3038.649809134277,2.311091989502927,2.492594356419347
1131,335.481798534598,145.7218583298003,9294.960672988782,3139.306130317339,2.0241143713002643,2.304993240194885
1132,335.481798534598,145.7218583298003,9294.960672988782,3139.306130317339,2.0241143713002643,2.304993240194885
1133,336.5268559347224,143.18285982911434,9279.662857024803,3052.8491038089237,2.3244281864049516,2.771426115383776
1134,334.25103734671535,147.54205045277084,9354.46405334196,3039.8968558991396,2.0401372827243014,2.4922752675711948
1135,334.25103734671535,147.54205045277084,9354.46405334196,3039.8968558991396,2.0401372827243014,2.4922752675711948
1136,349.2961514794069,132.74387504328772,9354.296744033105,3930.9700015552544,1.6817880888012076,2.729756975659519
1137,335.51893972657774,143.72068628051144,9219.940000364575,4059.396813381166,1.5042851969225879,2.5160200909779324
1138,334.9221972991722,142.7865932170128,9291.929686381718,4054.532210456317,1.5963809146841033,2.924253787575962
1139,335.5728634636577,144.7657848824442,9245.208399129444,3851.790204212277,1.440124527288922,3.163386335375318
1140,335.5728634636577,144.7657848824442,9245.208399129444,3851.790204212277,1.440124527288922,3.163386335375318
1141,377.10587127631584,133.54959045843168,9079.903969713303,3617.4486159942817,1.186412973460748,2.1717045744364687
1142,373.97527001431456,104.57252659223556,9482.479950090223,3957.149304200641,3.533651105861252,1.3655631922487284
1143,371.40943039948655,99.95251625364257,9418.90233714701,4113.188777110706,3.4293542117948466,1.1315875936467585
1144,391.9732965800344,100.1095343192346,9943.625253332631,3904.72558940813,0.39141335882342776,0.4262623484132513
1145,386.6632237011036,99.64518810595911,9880.188391213402,3748.6649759071665,0.30016525028625635,0.4835724252275513
1146,390.8495877701498,96.55023643792796,9866.871992917662,3695.8699572806263,0.5830495193589165,0.5974406883255652
1147,377.4634450951518,105.78781807017126,9714.474912445592,3485.668733164238,1.0750939063594176,2.6007101179579775
1148,339.51399329541977,119.15445799524682,8891.263846359414,3506.8458126424384,3.8932549133435543,4.697428948493027
1149,330.5376154348755,122.38264864450709,8788.44431436305,3505.3674708455624,3.5794973151658938,4.390086882690418
1150,333.91555441372896,117.38030878398646,8665.434771189908,3418.9049943026293,4.184312354311541,4.853579718169517
1151,335.92210521219266,121.25943187778705,8630.77673384396,3673.435881866618,3.2749495527152166,4.472521771124457
1152,335.92210521219266,121.25943187778705,8630.77673384396,3673.435881866618,3.2749495527152166,4.472521771124457
1153,340.0482261019891,115.92737694474914,8686.711980601092,3414.382891275441,3.3714291292755827,3.9562999110532306
1154,339.25443742608314,119.97239704955152,8668.633341019666,3488.0254399284963,3.483324910433545,4.379148421889079
1155,330.84950782640016,124.62171534813942,8644.535393066972,3171.7645648218922,3.73792174701523,4.299796520474673
1156,337.7517485428928,126.28861786537288,8734.034707875748,3166.606691246881,3.6928028440331784,4.695745369803477
1157,337.7517485428928,126.28861786537288,8734.034707875748,3166.606691246881,3.6928028440331784,4.695745369803477
1158,340.54918840796694,125.33644473672481,8631.063378552666,3269.500460504075,3.4377365520917365,4.862233995880224
1159,340.54918840796694,125.33644473672481,8631.063378552666,3269.500460504075,3.4377365520917365,4.862233995880224
1160,340.54918840796694,125.33644473672481,8631.063378552666,3269.500460504075,3.4377365520917365,4.862233995880224
1161,348.24290034143155,120.57443839209485,8691.686271144865,3189.6059811920254,3.1933872079501917,4.663051074886913
1162,346.6495757409751,120.94145372109259,8683.05418453399,3219.9197680147117,3.459560356401667,4.2831069396787536
1163,341.93293996203056,126.88338321338276,8648.671178870509,3012.065109994712,3.572391753780282,4.635014092470685
1164,341.93293996203056,126.88338321338276,8648.671178870509,3012.065109994712,3.572391753780282,4.635014092470685
1165,341.93293996203056,126.88338321338276,8648.671178870509,3012.065109994712,3.572391753780282,4.635014092470685
1166,341.93293996203056,126.88338321338276,8648.671178870509,3012.065109994712,3.572391753780282,4.635014092470685
1167,341.93293996203056,126.88338321338276,8648.671178870509,3012.065109994712,3.572391753780282,4.635014092470685
1168,341.93293996203056,126.88338321338276,8648.671178870509,3012.065109994712,3.572391753780282,4.635014092470685
1169,341.93293996203056,126.88338321338276,8648.671178870509,3012.065109994712,3.572391753780282,4.635014092470685
1170,341.93293996203056,126.88338321338276,8648.671178870509,3012.065109994712,3.572391753780282,4.635014092470685
1171,341.93293996203056,126.88338321338276,8648.671178870509,3012.065109994712,3.572391753780282,4.635014092470685
1172,341.93293996203056,126.88338321338276,8648.671178870509,3012.065109994712,3.572391753780282,4.635014092470685
1173,341.93293996203056,126.88338321338276,8648.671178870509,3012.065109994712,3.572391753780282,4.635014092470685
1174,341.93293996203056,126.88338321338276,8648.671178870509,3012.065109994712,3.572391753780282,4.635014092470685
1175,338.8376109573176,120.12440117593844,8683.919852789286,3094.5884356625234,3.264903196647664,4.3732463781461535
1176,338.8376109573176,120.12440117593844,8683.919852789286,3094.5884356625234,3.264903196647664,4.3732463781461535
1177,338.8376109573176,120.12440117593844,8683.919852789286,3094.5884356625234,3.264903196647664,4.3732463781461535
1178,342.0401564737751,125.38847970602338,8675.351381109374,3253.1880930825855,3.2582738139233585,4.716088566982524
1179,342.0401564737751,125.38847970602338,8675.351381109374,3253.1880930825855,3.2582738139233585,4.716088566982524
1180,346.9331852746947,117.30524039797477,8663.399260705331,3351.686394993703,3.1589665749818363,4.999027493900419
1181,340.37907730857614,118.3163988408501,8547.374112780433,3330.2135155570704,2.9841725974460362,4.871367997201259
1182,334.54008325383387,121.9243838947587,8386.476042866823,3472.6651119076605,2.609995738085182,4.919499065515845
1183,334.9998151813002,125.22891489147129,8301.405781929423,4234.687405248679,2.305644890595436,3.8290866603393146
1184,336.9628456268064,125.47376248592282,8121.817113150313,4399.598490102933,2.2495493017418187,4.339908927339235
1185,333.12936111627073,124.31536671528517,8129.305755807828,4426.220438275477,2.7728401918514307,4.407933053173278
1186,333.12936111627073,124.31536671528517,8129.305755807828,4426.220438275477,2.7728401918514307,4.407933053173278
1187,333.12936111627073,124.31536671528517,8129.305755807828,4426.220438275477,2.7728401918514307,4.407933053173278
1188,333.12936111627073,124.31536671528517,8129.305755807828,4426.220438275477,2.7728401918514307,4.407933053173278
1189,333.12936111627073,124.31536671528517,8129.305755807828,4426.220438275477,2.7728401918514307,4.407933053173278
1190,333.12936111627073,124.31536671528517,8129.305755807828,4426.220438275477,2.7728401918514307,4.407933053173278
1191,346.1812144579826,131.32518659979104,8004.945419015213,3742.3405773378818,2.015118604350979,3.309812993385048
1192,352.10984853128025,134.80873913848382,8000.86386368978,3591.062069044286,1.8261896087110003,3.388371676458412
1193,351.40273631723176,135.69378709634879,8047.198465423906,3676.5750823373655,1.9736347280935485,3.619697959799495
1194,341.0523315602435,131.8489653760072,8114.474159132758,3590.445457566876,1.8219621933157348,3.3642096296241997
1195,353.37520928717754,129.06036341620825,8450.54074224521,3401.752477262545,0.8338974101523692,3.026591665117973
1196,346.3828442175637,125.1140664362321,8418.085073944474,3451.2861736477607,0.6198329381115024,2.645460826315863
1197,412.4289268039862,70.85514786001225,8497.20363046752,3509.8592561450528,0.4809019079995407,3.1286126270956798
1198,405.199183284039,71.48056569175364,8454.179127236608,3406.541322022712,0.7652315910482804,3.531089062043708
1199,408.41983577023814,75.36440030733696,8566.928666107398,3326.5222478848136,0.34278618844060815,3.1553256658585487
1200,413.96712128133066,74.35792131444165,8572.666438723661,3471.0255460456724,0.27874773547122356,3.2599800504533865
1201,413.96712128133066,74.35792131444165,8572.666438723661,3471.0255460456724,0.27874773547122356,3.2599800504533865
1202,380.99380463522414,87.11970288859345,8148.3512953603,3456.4054512722837,1.0301608675094944,2.1431811531891363
1203,384.39624808460786,84.1552825340069,8200.622599935688,3401.0691479726106,0.7037192408369801,2.1976427194764403
1204,383.02586155399604,78.8595349978276,8118.792951767158,3389.0731262693384,0.6611746952924791,2.474771897501783
1205,383.7161797122083,79.7773752630726,8136.365882404339,3527.671270620618,0.593431549029861,2.437223965561133
1206,382.693284253954,78.07115752041324,8120.451200237316,3543.2890261041707,0.4402297618417116,2.7239526086683283
1207,348.36178931854124,81.3905998568635,8159.956138939933,4566.852675672922,1.7069418759063446,1.8674473591663567
1208,395.0179155158227,75.98252329116696,8080.637910734008,4458.485213783379,2.739262430150811,2.355809057314577
1209,399.47824914285445,86.78221269075141,8123.564393483685,3425.696006406127,2.352652286860061,4.567493004286252
1210,399.47824914285445,86.78221269075141,8123.564393483685,3425.696006406127,2.352652286860061,4.567493004286252
1211,401.9204455472458,88.85932279679207,8271.642592926542,3459.544520569637,2.649470669672514,4.588853223133475
1212,401.9204455472458,88.85932279679207,8271.642592926542,3459.544520569637,2.649470669672514,4.588853223133475
1213,401.25279772496185,76.83207971249875,8314.378159627955,3255.7354471645435,2.5910338956742742,4.416116942270568
1214,397.2824424434635,78.36868734403662,8342.528701112005,3484.2738495541225,2.7521496655053013,4.477289085641479
1215,397.2824424434635,78.36868734403662,8342.528701112005,3484.2738495541225,2.7521496655053013,4.477289085641479
1216,387.2502425371621,79.40603697705522,8394.601051919319,3408.6958210453495,2.9995555167248322,4.38013037491279
1217,387.5487060472961,81.41045702438683,8391.32078139818,3367.040390327707,3.058512515158887,4.441871272033725
1218,387.5487060472961,81.41045702438683,8391.32078139818,3367.040390327707,3.058512515158887,4.441871272033725
1219,385.99429118357284,80.74833384295007,8459.838415575077,3391.26190611324,3.4274649924704543,4.7722421233144905
1220,385.99429118357284,80.74833384295007,8459.838415575077,3391.26190611324,3.4274649924704543,4.7722421233144905
1221,385.0171333992644,76.10944357201973,8556.326932441454,3268.2592630767595,3.253055575509391,4.606720297025332
1222,385.0171333992644,76.10944357201973,8556.326932441454,3268.2592630767595,3.253055575509391,4.606720297025332
1223,347.7326941981492,110.9420375811807,8541.15141318231,4351.406598998729,2.3196914877397825,4.9526998962031765
1224,333.617438932923,114.799575341259,9229.400552891593,4684.836143683499,3.079352599133987,3.0028254158317664
1225,346.3128576284333,121.02125620363509,9372.254934998173,4509.093975488027,3.2140387190155137,2.3970097175137486
1226,348.5376471910624,106.23962783946318,9672.207707370017,4655.236622304378,2.5870348820934663,3.6563087561155587
1227,352.55833755878837,109.34157573467988,9672.748442361886,4535.762214054407,2.461326258879032,3.906334089386631
1228,361.4968698915211,113.87841610029554,9823.2707849963,4495.228811901342,2.555086978947361,3.3476085645140907
1229,335.16603973432126,132.45252112176703,9013.32463174225,4159.897680508202,2.613019494233492,4.019207422675144
1230,335.16603973432126,132.45252112176703,9013.32463174225,4159.897680508202,2.613019494233492,4.019207422675144
1231,348.2478217917917,129.1175234032831,8917.981053507227,4107.2487609308855,2.7008189899937483,4.497148362110648
1232,352.4015791077839,125.10294435197461,8824.703950583083,4186.137575409887,2.9789833551297535,4.336025496953561
1233,387.960332230148,119.06712906912169,8594.90336035211,4489.012688296063,2.173369935002586,4.381765634285734
1234,385.26414401311,122.89726187902332,8743.515909927513,4525.885238489814,1.8369483776880413,4.261924698233284
1235,371.3894951885278,126.5787606333977,8622.814586737117,4387.72093613028,2.148180100417918,4.093161378201004
1236,405.8447970289123,143.31294779197555,8887.188155305972,3846.2238092316993,0.30482243439158907,2.0092679560010613
1237,404.8949353234762,145.74925511055372,8910.341456688178,3928.549999375437,0.874123121931534,1.7591295684709867
1238,404.8949353234762,145.74925511055372,8910.341456688178,3928.549999375437,0.874123121931534,1.7591295684709867
1239,421.5563355813698,146.25199855557167,9903.904972599426,3997.9878422618476,2.1234293895826872,2.8915673846043473
1240,434.0586170437005,132.8827007959967,9947.133080661748,4101.9194367554655,1.6432835057927695,4.435286630540312
1241,430.6307056837746,136.1750344198868,9943.204698996127,4191.477196589331,1.594183603320901,3.7734144367112177
1242,449.50735083695946,131.34275126490905,9757.726748714622,4273.181998471545,1.4666361251424205,3.1912547918220544
1243,406.51579913393687,134.99555259355097,9755.559078604281,4072.294750537979,0.9043810476269689,3.6924460735611238
1244,406.0485820744851,131.31023393633302,9773.0485831572,4070.851130916036,1.1256763452753722,3.6115118902638583
1245,398.3447468855345,134.1025396130411,9324.059757414278,3926.800984775299,2.198771550928092,4.430529396759013
1246,406.5818085135832,132.61707083127004,9403.769816441309,3878.050625497215,2.6413736234560816,4.468330301518599
1247,407.6680241344913,115.17045014752053,9647.807289008702,4043.3876496782177,3.9371614480797947,3.4545445787938664
1248,417.9171474511598,111.1434630175194,9511.2806185394,3336.9415400047,4.3968673893368075,3.564491155226661
1249,417.9171474511598,111.1434630175194,9511.2806185394,3336.9415400047,4.3968673893368075,3.564491155226661
1250,424.89999373075955,110.46501024994221,9652.704995261884,3316.455348054183,4.667521206565434,3.9857652665769616
1251,400.23238330432974,111.05367044953573,9775.199240455864,3267.178579547338,4.402360980243194,3.9678273044931895
1252,400.23238330432974,111.05367044953573,9775.199240455864,3267.178579547338,4.402360980243194,3.9678273044931895
1253,398.9237965496445,111.08955074172131,9799.539785478843,3361.3942229949967,4.482451343100105,3.9794089931835055
1254,389.27817130073964,110.60049190730359,9688.311659228297,3371.4661811879905,4.68020466876275,4.128307657045361
1255,365.04357165128323,92.89075345506998,9873.438284455562,3318.802074746789,3.0533435189332594,1.5252962129494436
1256,365.04357165128323,92.89075345506998,9873.438284455562,3318.802074746789,3.0533435189332594,1.5252962129494436
1257,363.2619727342326,83.81071093002802,9956.968469995669,3339.894180626565,2.9320022547953104,1.4951687859010143
1258,358.90466344499,89.52507803258857,9926.63080154394,3470.630328076127,3.4302243672767974,1.2315895358614752
1259,356.34178910945167,88.54914706020148,9964.344033516652,3516.9878936480873,2.9226206059382775,0.9074990943840298
1260,352.9588836443095,89.47989065343302,9943.219904497666,3537.698091218418,2.6201936622430555,0.4545759046377269
1261,346.02761760654136,89.69495065016496,9941.76059871191,3438.3362397671285,2.7392383904677264,0.6361154106307667
1262,346.02761760654136,89.69495065016496,9941.76059871191,3438.3362397671285,2.7392383904677264,0.6361154106307667
1263,333.62155630412565,98.10745316377509,9917.145598843683,4388.7479322366125,4.226174109506862,2.8919377212435196
1264,331.41410015574746,98.61708429807412,9870.529006144141,4330.224733695476,4.1288116925846525,2.8070681802629673
1265,331.41410015574746,98.61708429807412,9870.529006144141,4330.224733695476,4.1288116925846525,2.8070681802629673
1266,333.39937693372684,98.04118082789282,9935.995804309669,4344.135582727442,4.3003600385770895,2.408072673052618
1267,333.39937693372684,98.04118082789282,9935.995804309669,4344.135582727442,4.3003600385770895,2.408072673052618
1268,337.38454876409406,96.81683317961875,9978.152539595445,4346.810962241047,4.085973148318815,2.3111196653699166
1269,332.3164343821283,123.91591687773344,9357.268748428005,4463.95853593934,3.71985809571191,3.7218342797954964
1270,332.3164343821283,123.91591687773344,9357.268748428005,4463.95853593934,3.71985809571191,3.7218342797954964
1271,332.3164343821283,123.91591687773344,9357.268748428005,4463.95853593934,3.71985809571191,3.7218342797954964
1272,332.3164343821283,123.91591687773344,9357.268748428005,4463.95853593934,3.71985809571191,3.7218342797954964
1273,338.23942707173455,126.73668430802573,9393.908400115735,4597.815256461378,3.4100160440512295,3.783622815665498
1274,330.2960131088051,126.1571148996002,9378.297634401946,4687.213794357068,3.135114906361394,4.032320409043137
1275,330.2960131088051,126.1571148996002,9378.297634401946,4687.213794357068,3.135114906361394,4.032320409043137
1276,330.2960131088051,126.1571148996002,9378.297634401946,4687.213794357068,3.135114906361394,4.032320409043137
1277,330.2960131088051,126.1571148996002,9378.297634401946,4687.213794357068,3.135114906361394,4.032320409043137
1278,330.49224979540986,133.74074111536112,9436.913809706612,4024.172311519885,3.758282505764819,3.2262625163651557
1279,349.72751678049656,149.63133742522643,9573.94632821232,4061.5915244978632,2.2754541973435525,3.105256258386787
1280,335.9139743328388,149.30872756091642,9652.183134120085,3945.6247976642044,2.3204333192498554,2.8863973678473025
1281,348.16800757098724,139.9782866722707,9727.765510175319,3945.7122211451665,2.1990878926153368,2.871094996196734
1282,345.9720940424177,140.74446290271953,9777.725621239284,3755.008592514646,2.101275282632514,2.477833547839709
1283,349.30483904710474,140.80822711653644,9888.290131368967,3707.6782697732388,2.501156841248348,2.262268771092921
1284,351.0637639390813,144.31458238898,9842.210413451156,3644.892345989394,2.5943441983861972,2.612766232794044
1285,349.4606705291858,145.7616623783341,9864.771424162827,3642.532431105292,2.597766072544819,2.278632274297398
1286,331.2474409736277,145.74797606949926,9773.173488061315,3764.959460913491,3.262957374648994,2.3835229680212318
1287,330.7095982371677,144.3023391089033,9783.84205986022,3694.4878158879415,3.5232323234443443,2.1619910229722885
1288,330.7095982371677,144.3023391089033,9783.84205986022,3694.4878158879415,3.5232323234443443,2.1619910229722885
1289,330.0270116876209,142.80718303477607,9642.374914413487,3646.481787021202,3.243098378676984,2.6066094114227094
1290,330.0270116876209,142.80718303477607,9642.374914413487,3646.481787021202,3.243098378676984,2.6066094114227094
1291,330.0270116876209,142.80718303477607,9642.374914413487,3646.481787021202,3.243098378676984,2.6066094114227094
1292,333.5481725079147,143.05663900408518,9656.440777342183,3696.46559761256,3.2261920556922457,2.279312825873197
1293,336.5332122506919,139.23688326477455,9555.243168564884,3526.4338039492072,3.440575139084594,2.4147432910719764
1294,336.5332122506919,139.23688326477455,9555.243168564884,3526.4338039492072,3.440575139084594,2.4147432910719764
1295,339.8559850415211,145.95623687961984,9611.311090607174,3393.2529968474237,2.8088118274364042,2.5692634418910067
1296,345.96737660774403,148.38518167595677,9707.206965036778,3482.296272506051,2.563422258143695,2.390765693448144
1297,345.96737660774403,148.38518167595677,9707.206965036778,3482.296272506051,2.563422258143695,2.390765693448144
1298,339.9316384772239,144.92198594529418,9866.397767796192,3304.3320424985845,2.6125227766687056,2.3949394185516235
1299,349.22875810095826,126.33265408851186,9831.418771493152,4076.1814695596213,4.357028593536462,2.318192589285175
1300,365.39402023183663,125.53049572585667,9731.416793670387,4078.1191961037084,3.9975120631382928,2.540280733700284
1301,366.54645998389293,72.36004517782594,9879.931546229993,4986.794433633619,2.356828431354361,1.5533080622326705
1302,366.54645998389293,72.36004517782594,9879.931546229993,4986.794433633619,2.356828431354361,1.5533080622326705
1303,332.06324829156466,82.88083856376265,9436.883536675276,3992.2123735407504,1.410833749757843,1.7011042861049583
1304,332.06324829156466,82.88083856376265,9436.883536675276,3992.2123735407504,1.410833749757843,1.7011042861049583
1305,334.2016453790272,88.93201062073125,9253.748944069775,3991.355054933473,1.189472691680872,1.8664398692945388
1306,358.1726501313285,97.38954249051108,9316.148785163003,3421.113151296663,2.4809993107560153,3.3068468533905526
1307,359.5824050724326,94.05092390383177,9410.772749920205,3334.8680534807268,2.487668757996052,3.060276729056278
1308,351.54223704948373,108.16872352994355,9828.36366371288,3575.3467300681164,4.829824258093176,1.7648617127271395
1309,351.54223704948373,108.16872352994355,9828.36366371288,3575.3467300681164,4.829824258093176,1.7648617127271395
1310,344.6427296390631,99.18105090811059,9536.08214728667,3192.1023010477907,2.627253067428594,1.9573567860614711
1311,349.0252594455458,97.53644342356267,9658.279389075786,3342.332966214847,2.9478701737065243,2.5508695653330467
1312,337.83690797834123,98.57185171636544,9344.586633690198,3562.046335504745,3.4474983098592924,3.8768605095463684
1313,337.83690797834123,98.57185171636544,9344.586633690198,3562.046335504745,3.4474983098592924,3.8768605095463684
1314,337.83690797834123,98.57185171636544,9344.586633690198,3562.046335504745,3.4474983098592924,3.8768605095463684
1315,333.6683713643722,94.1587604261131,9319.003939243257,3377.1544849863526,3.9392664784710925,3.4923195474951827
1316,340.4082406852364,94.52451870128797,9322.48476632379,3340.9071399887803,3.8562273250899226,3.567835762420453
1317,340.4082406852364,94.52451870128797,9322.48476632379,3340.9071399887803,3.8562273250899226,3.567835762420453
1318,339.83282787536143,93.48704233394643,9159.087102538773,3258.088525791643,3.5993903435379635,3.8328355075704663
1319,336.4140125607108,94.87284426857612,8951.193312736783,3279.8341503581883,3.3945589176423905,4.128098985919992
1320,343.9791372666654,93.22914028616051,9208.77226355097,3257.3996888273527,3.188634309845538,4.107856399578125
1321,343.9791372666654,93.22914028616051,9208.77226355097,3257.3996888273527,3.188634309845538,4.107856399578125
1322,343.1590575097236,87.2765861517014,9343.612852032093,3212.222158926756,3.1190350184762776,3.9322196283344577
1323,344.04295552894325,87.35496189258949,9259.782400439793,3242.4959681638,2.956188680274869,4.245459045428834
1324,344.04295552894325,87.35496189258949,9259.782400439793,3242.4959681638,2.956188680274869,4.245459045428834
1325,355.00482617016235,81.53464687898284,9245.650551917477,3400.559644033756,2.9115889388479705,4.232968976703361
1326,355.00482617016235,81.53464687898284,9245.650551917477,3400.559644033756,2.9115889388479705,4.232968976703361
1327,355.00482617016235,81.53464687898284,9245.650551917477,3400.559644033756,2.9115889388479705,4.232968976703361
1328,360.4312471258373,73.57725432584544,9349.891243782151,3354.5316004816887,2.627865648092648,3.7799678362377676
1329,369.6963974904648,73.05982841701399,9327.920664898233,3359.73256763637,2.416442296921934,3.3212786174041664
1330,344.5957179733535,73.25287750564827,8420.558243726657,3425.9346342686026,4.2249625565383795,3.6610426365785247
1331,339.8995350792231,70.70645271547676,8415.085056941887,3442.298231904313,4.785818070768698,3.8534348253078474
1332,339.8995350792231,70.70645271547676,8415.085056941887,3442.298231904313,4.785818070768698,3.8534348253078474
1333,339.8995350792231,70.70645271547676,8415.085056941887,3442.298231904313,4.785818070768698,3.8534348253078474
1334,346.45244533362006,73.97673088467404,8390.05565995947,3407.7223047803363,4.5507630895032705,3.9740465210148077
1335,331.81236732972,77.5370734207356,8104.613494939306,4181.355073923042,3.614744773949505,3.336084823583948
1336,334.7706307439373,75.81376696520314,8117.5579202752815,4244.739569451599,3.6101884598525245,3.049901640656436
1337,334.7706307439373,75.81376696520314,8117.5579202752815,4244.739569451599,3.6101884598525245,3.049901640656436
1338,334.7706307439373,75.81376696520314,8117.5579202752815,4244.739569451599,3.6101884598525245,3.049901640656436
1339,334.7706307439373,75.81376696520314,8117.5579202752815,4244.739569451599,3.6101884598525245,3.049901640656436
1340,333.36588798809345,76.31313697704792,8234.180097630931,4196.165551046539,3.620989972531205,3.0129113603494453
1341,336.94854261163255,80.6045132343943,8181.830716127908,4229.553371346028,4.022789132619666,2.748183409107814
1342,350.0171543669186,76.99981698386607,8124.0613494659765,4158.2820361825725,3.788975546937081,2.7423068524855427
1343,347.0793047639295,73.22641274402154,8299.349076509208,4174.486144339473,3.894929113101649,2.8308702559667998
1344,345.1617078672245,77.45383541107167,8315.585536585602,4160.938109155395,3.6732069870716235,2.7457073513909065
1345,343.8967317978533,74.9054702782006,8191.0014635694915,4267.377118409442,3.6371137582684088,3.0612358117696883
1346,343.8967317978533,74.9054702782006,8191.0014635694915,4267.377118409442,3.6371137582684088,3.0612358117696883
1347,343.8967317978533,74.9054702782006,8191.0014635694915,4267.377118409442,3.6371137582684088,3.0612358117696883
1348,336.4474401395629,76.25193762469928,8270.936057857338,4337.056724977892,3.595286424938429,2.995526667187368
1349,350.7356028242834,77.0838757707437,8269.669807305383,4315.886556303718,3.283679106390348,3.500472818019289
1350,347.89200369571194,81.45310463100714,8275.625710884486,4268.528308659637,3.77384877071001,3.5068488135719376
1351,345.34172494263913,76.47049055667253,8303.1573766353,4250.879392303783,3.898820916750797,3.826200149441784
1352,345.34172494263913,76.47049055667253,8303.1573766353,4250.879392303783,3.898820916750797,3.826200149441784
1353,348.93391772991583,71.01984537277981,8330.311745151514,4411.166738800286,3.6038209645346266,3.807733130330778
1354,354.44618752604254,81.10532976926078,9738.248648942297,4332.4727097916375,1.7102372393973433,0.8282860013590042
1355,346.89519659307274,82.39414937478566,9686.892372683586,4419.78667008103,1.6730241944501847,0.2740706187795886
1356,346.89519659307274,82.39414937478566,9686.892372683586,4419.78667008103,1.6730241944501847,0.2740706187795886
1357,346.0719193899878,79.53229528912385,9671.65614250165,4299.061467722977,2.0368564406194216,0.33981106852196463
1358,350.2811217364054,77.63862402155195,9712.255737330472,4287.653866634853,1.9549083569362955,0.3431033650255757
1359,355.4003208685557,78.56318185607388,9662.02753431642,4293.885770297111,1.5229420897049677,0.1841903005117666
1360,358.8865762519757,73.59265342975623,9575.13980394056,4265.582818176621,1.4359691912403085,0.4392120041654888
1361,361.2528408886578,81.91747862721012,9641.799264041527,4511.437501251931,1.2955705274544786,0.42762394691890293
1362,361.2528408886578,81.91747862721012,9641.799264041527,4511.437501251931,1.2955705274544786,0.42762394691890293
1363,366.26538029748446,82.35269763837752,9619.860059437571,4614.166471221115,1.2433629712141108,0.9647398412835749
1364,374.7187759451516,76.66251687954315,9735.659760276567,4620.500138964272,1.370634991897988,1.1501619396985683
1365,383.4207272287571,77.72092236016078,9690.627990533154,4674.368541349901,0.9904246151838036,0.8819376919477946
1366,386.22377352647936,78.11807383130002,9619.57572965714,4823.675380257956,1.0028655832697648,1.2088640111393547
1367,380.3075330470669,80.91244232806994,9662.664978466726,4850.291486343888,1.496900086759179,1.2873199498095018
1368,380.3075330470669,80.91244232806994,9662.664978466726,4850.291486343888,1.496900086759179,1.2873199498095018
1369,386.241481512979,83.63505849265508,9690.215326505764,4799.080680607016,1.0627452783119797,1.1263038788576338
1370,397.32200476387874,73.69081387936552,9761.181039435685,4722.857146012055,1.2853180889648232,1.2906025281302504
1371,397.32200476387874,73.69081387936552,9761.181039435685,4722.857146012055,1.2853180889648232,1.2906025281302504
1372,391.6442492723702,74.30579697092905,9659.26998793873,4718.370459820413,1.461637025763859,1.447864898431239
1373,391.5999667700418,77.33086787743363,9779.568255624177,4921.748374415758,0.9293994183551216,1.0270848784966842
1374,389.21638034966503,72.72470628915946,9625.510129675598,4969.537163853155,0.40221795919862036,0.6997665314777954
1375,389.21638034966503,72.72470628915946,9625.510129675598,4969.537163853155,0.40221795919862036,0.6997665314777954
1376,389.21638034966503,72.72470628915946,9625.510129675598,4969.537163853155,0.40221795919862036,0.6997665314777954
1377,389.21638034966503,72.72470628915946,9625.510129675598,4969.537163853155,0.40221795919862036,0.6997665314777954
1378,389.21638034966503,72.72470628915946,9625.510129675598,4969.537163853155,0.40221795919862036,0.6997665314777954
1379,389.21638034966503,72.72470628915946,9625.510129675598,4969.537163853155,0.40221795919862036,0.6997665314777954
1380,387.19970516659396,76.30809772931498,9659.335823822228,4920.297709645553,0.3510133061123507,0.70890310666247
1381,387.19970516659396,76.30809772931498,9659.335823822228,4920.297709645553,0.3510133061123507,0.70890310666247
1382,387.19970516659396,76.30809772931498,9659.335823822228,4920.297709645553,0.3510133061123507,0.70890310666247
1383,387.19970516659396,76.30809772931498,9659.335823822228,4920.297709645553,0.3510133061123507,0.70890310666247
1384,387.19970516659396,76.30809772931498,9659.335823822228,4920.297709645553,0.3510133061123507,0.70890310666247
1385,358.6936857814851,84.20818436999204,9458.280084627786,4655.298387997326,0.8445923640275271,1.3144627114695087
1386,362.04385141919795,85.28411007729979,9360.926404724507,4578.731867513332,0.5304034609858009,1.7405127888673693
1387,372.8281632995825,85.07153466950106,9384.640231262729,4631.714071843925,0.7567096816665005,1.506322700217113
1388,337.5877472812152,134.87957133093636,9122.472375968851,4319.482107157417,2.286334102573742,3.2078569817865437
1389,338.47813613035373,136.16943560031592,9146.32073238204,4294.300736780124,2.4987783849626766,3.1148073640356713
1390,335.8134131397526,133.32936998287136,9162.009806845537,4467.824503850508,2.271743521945798,2.8601034517011974
1391,336.1519509967434,127.91057305327121,9223.423689419193,4468.626913233404,2.227369305674735,3.0510233057339016
1392,336.1519509967434,127.91057305327121,9223.423689419193,4468.626913233404,2.227369305674735,3.0510233057339016
1393,340.5307297602979,129.57831159150692,9114.707358927975,4223.551343237959,2.813734022413573,3.416317088371033
1394,334.4376835839008,148.14981723695192,8851.689123164357,4504.953503486013,1.1641663399435709,2.284650463596388
1395,334.4376835839008,148.14981723695192,8851.689123164357,4504.953503486013,1.1641663399435709,2.284650463596388
1396,334.4376835839008,148.14981723695192,8851.689123164357,4504.953503486013,1.1641663399435709,2.284650463596388
1397,333.0129998808957,143.98707552271583,8763.567736506962,4628.966212267915,1.101989179098406,2.658844520760046
1398,331.8549768332844,144.22523665101858,8589.016789540163,4708.225531986196,1.1961593279550198,2.7182662254505554
1399,334.28535360174544,146.0819193533737,8608.423801855992,4696.070978002761,1.3253199826992386,3.0594015910446055
1400,331.29093074216354,147.2582135533644,8623.755152907801,4640.616230316418,1.6608303114650471,2.885494163006584
1401,331.29093074216354,147.2582135533644,8623.755152907801,4640.616230316418,1.6608303114650471,2.885494163006584
1402,331.29093074216354,147.2582135533644,8623.755152907801,4640.616230316418,1.6608303114650471,2.885494163006584
1403,331.29093074216354,147.2582135533644,8623.755152907801,4640.616230316418,1.6608303114650471,2.885494163006584
1404,331.29093074216354,147.2582135533644,8623.755152907801,4640.616230316418,1.6608303114650471,2.885494163006584
1405,340.4004154056828,136.72225738343576,8619.318520109366,4807.6197592220215,1.5868477722522956,3.5318126456033276
1406,344.4537054623682,137.23282315458994,8767.999267550209,4822.975502770707,1.6559740585291076,3.4469043879991195
1407,343.1347058262792,137.29523786229925,8846.914251700964,4889.565682930296,1.6810677505608118,3.2183119804408165
1408,341.9736082173022,136.48774143243338,8889.708697951011,4844.917718377974,1.2922658262708695,3.1902214948749283
1409,342.24029962216997,137.71846580019724,8737.025129427737,4830.616732007364,1.4354506722000486,3.6667235541521563
1410,342.24029962216997,137.71846580019724,8737.025129427737,4830.616732007364,1.4354506722000486,3.6667235541521563
1411,344.2311091692799,133.98838452394148,8702.801051786902,4816.7214305449515,1.3992257551381735,3.8157949612318283
1412,344.23023237587194,134.0481350359289,8550.255272838576,4999.419439056966,1.5434733680914503,3.5389814750589723
1413,343.9723679064855,127.57014206602479,9254.088866976204,4822.447478668091,1.0317769209941896,2.793232156729778
1414,352.1732064218707,132.13934209072102,9389.043662441292,4892.200204131282,0.9351553733973192,2.5836676279667437
1415,342.82693791713126,131.50644693135328,9174.088926227885,4966.851192483404,0.9551196251594223,2.858194585766319
1416,347.990046950199,130.33407607608603,9363.70985784719,4989.703945664151,0.8439255418649141,2.8285566172482812
1417,346.22057056677863,129.50408449559666,9386.0044024652,4938.927489602218,1.0366500668114669,2.517199859394428
1418,346.22057056677863,129.50408449559666,9386.0044024652,4938.927489602218,1.0366500668114669,2.517199859394428
1419,382.0778938497,121.17421030531678,9524.245821788658,4350.488662208234,3.385760129950063,1.5457781453650246
1420,427.0850053021561,93.01325105650054,9449.206186662519,4328.028987773121,1.6932268030193267,0.4855699788480826
1421,421.0818362753841,93.44771915796318,9379.325883144385,4347.63254951067,1.4654505893863496,0.7723277751123371
1422,423.45574870203626,87.75295632826892,9507.197807664515,4251.147449803103,1.9728323488128285,0.5579449230717621
1423,415.96655649992556,91.6509455483541,9429.585771709175,4160.682633571965,2.12153173582106,0.44773741950595547
1424,410.72081460327166,87.71444108606816,9317.291872993006,4317.706723770767,2.261890997132023,0.3986712544598121
1425,423.30722052772114,82.20561195324967,9358.266120332039,4368.947241396579,2.2282754690071904,0.2857548026649953
1426,409.1493615133436,101.9723212960711,9138.25907327827,4478.325718115949,2.8211282492193486,1.1853825795033786
1427,433.39762413025386,76.5925043116789,9497.153719479324,4792.232571416753,3.087556247900449,0.1115652841079396
1428,433.39762413025386,76.5925043116789,9497.153719479324,4792.232571416753,3.087556247900449,0.1115652841079396
1429,433.39762413025386,76.5925043116789,9497.153719479324,4792.232571416753,3.087556247900449,0.1115652841079396
1430,433.39762413025386,76.5925043116789,9497.153719479324,4792.232571416753,3.087556247900449,0.1115652841079396
1431,411.5171979519233,99.33150516643953,9851.311927815017,4853.834523067061,2.173652893130543,0.10144667467378835
1432,412.0242840807838,99.1273908276537,9897.712691353005,4936.244738667385,1.885100134509566,0.5279396748050724
1433,417.44406900838874,103.64865007710593,9858.140665906281,4773.977659327997,1.8594349906080563,1.2413221544947413
1434,417.44406900838874,103.64865007710593,9858.140665906281,4773.977659327997,1.8594349906080563,1.2413221544947413
1435,418.9446145595155,105.52861979775295,9874.416079583156,4794.584491756887,1.970185397261937,1.216678075655547
1436,424.6756897734981,113.4284187289513,9963.352286638723,4876.154822361103,1.9518205619198374,1.1048335758570045
1437,424.6756897734981,113.4284187289513,9963.352286638723,4876.154822361103,1.9518205619198374,1.1048335758570045
1438,424.6756897734981,113.4284187289513,9963.352286638723,4876.154822361103,1.9518205619198374,1.1048335758570045
1439,421.81549786785735,116.72642678668205,9873.282795329233,4893.344087404307,1.4685364632630145,1.6290865944089108
1440,422.6319155490906,114.14451738756544,9809.16995305547,4852.644888947896,1.1757843076158405,1.6015405697252425
1441,402.1031231353936,122.57598852031066,9768.755496631677,4752.947897567815,0.6425411671627614,2.3485200357824554
1442,402.1031231353936,122.57598852031066,9768.755496631677,4752.947897567815,0.6425411671627614,2.3485200357824554
1443,419.95556173436415,133.8706586262856,9518.844836188186,3964.032638748061,0.3881809804904264,2.659899965151398
1444,426.80891809963964,131.4283774794432,9598.04213106333,3987.8249630610117,0.1268315288739983,2.773590730252245
1445,426.80891809963964,131.4283774794432,9598.04213106333,3987.8249630610117,0.1268315288739983,2.773590730252245
1446,455.87984962967187,130.80771482212387,9948.656662714455,4371.734567191872,0.928857166189612,1.1663491274245659
1447,447.9884507505779,131.66826686254763,9964.825277785974,4295.849283623794,0.4797881497629657,1.5852860100382646
1448,454.51465270398165,130.87769746645534,9841.847865113985,4317.07216185779,0.43396757013505183,1.4225032317962207
1449,454.51465270398165,130.87769746645534,9841.847865113985,4317.07216185779,0.43396757013505183,1.4225032317962207
1450,454.51465270398165,130.87769746645534,9841.847865113985,4317.07216185779,0.43396757013505183,1.4225032317962207
1451,454.51465270398165,130.87769746645534,9841.847865113985,4317.07216185779,0.43396757013505183,1.4225032317962207
1452,454.51465270398165,130.87769746645534,9841.847865113985,4317.07216185779,0.43396757013505183,1.4225032317962207
1453,454.51465270398165,130.87769746645534,9841.847865113985,4317.07216185779,0.43396757013505183,1.4225032317962207
1454,467.7092469619455,118.31899347144346,9591.311131912844,3470.804333387848,0.18286570850579814,2.1614659292911163
1455,467.7092469619455,118.31899347144346,9591.311131912844,3470.804333387848,0.18286570850579814,2.1614659292911163
1456,451.6331210073231,121.5728550401347,9568.49974657183,3310.7936124713465,0.5166953436025212,2.034303541775268
1457,451.6331210073231,121.5728550401347,9568.49974657183,3310.7936124713465,0.5166953436025212,2.034303541775268
1458,461.73586068781634,117.7526711711587,9561.382899265334,3164.1081719300105,0.653481579450036,2.0496796747899997
1459,461.73586068781634,117.7526711711587,9561.382899265334,3164.1081719300105,0.653481579450036,2.0496796747899997
1460,450.1908164068772,119.07453296186719,9791.659980306185,3006.852385121414,2.113336793977016,1.442381517481652
1461,458.0654156870298,117.39964064645031,9880.749668671473,3090.4535169602127,2.019225115391362,1.4307562457052883
1462,458.0654156870298,117.39964064645031,9880.749668671473,3090.4535169602127,2.019225115391362,1.4307562457052883
1463,444.2607232106735,117.17986197423846,9981.236236078472,3075.7263462101123,1.70799699103243,1.229002096840385
1464,444.2607232106735,117.17986197423846,9981.236236078472,3075.7263462101123,1.70799699103243,1.229002096840385
1465,444.2607232106735,117.17986197423846,9981.236236078472,3075.7263462101123,1.70799699103243,1.229002096840385
1466,444.2607232106735,117.17986197423846,9981.236236078472,3075.7263462101123,1.70799699103243,1.229002096840385
1467,444.2607232106735,117.17986197423846,9981.236236078472,3075.7263462101123,1.70799699103243,1.229002096840385
1468,444.2607232106735,117.17986197423846,9981.236236078472,3075.7263462101123,1.70799699103243,1.229002096840385
1469,444.2607232106735,117.17986197423846,9981.236236078472,3075.7263462101123,1.70799699103243,1.229002096840385
1470,426.17730031107925,126.5720074932981,9878.640260686996,3229.5558756289342,2.743985904490596,1.7845954796624421
1471,341.8739764929621,131.08086168076682,9810.04198588167,3402.9602517242597,2.640865478612781,3.0872070462006604
1472,341.8739764929621,131.08086168076682,9810.04198588167,3402.9602517242597,2.640865478612781,3.0872070462006604
1473,343.42179919147486,128.60976162005164,9841.095651239399,3338.8089604482548,2.7777932931916647,3.1374196345444316
1474,343.42179919147486,128.60976162005164,9841.095651239399,3338.8089604482548,2.7777932931916647,3.1374196345444316
1475,340.7112923616501,122.94672141424496,9866.774211204338,3870.4577134890233,1.0558489735943901,4.637621670930936
1476,340.7112923616501,122.94672141424496,9866.774211204338,3870.4577134890233,1.0558489735943901,4.637621670930936
1477,341.770886822861,116.75424154786303,9856.006591125613,3963.1209025499047,0.8308374737280274,4.42522371140953
1478,337.31315144690876,120.80875473249671,9827.354336644086,3687.9483147295136,1.0827906660190514,4.650979978145225
1479,345.44385588952576,119.26429579562594,9890.136529290216,3673.246660603716,0.8933792705077018,4.720092306872538
1480,345.44385588952576,119.26429579562594,9890.136529290216,3673.246660603716,0.8933792705077018,4.720092306872538
1481,361.8900581466429,120.61340014054106,9901.314954894891,3842.4060458425574,0.9552847146538541,4.9026400390750196
1482,355.7294301349178,120.68377582282986,9916.348920953315,3886.8326520029814,1.0408317616842593,4.861184289794724
1483,347.8128271944202,118.10449200145527,9898.489075186673,3984.5594052023926,1.4497228822445987,4.833307385871014
1484,342.7284274307136,112.74958312183261,9740.34813489809,4038.9218206609894,1.7253614318403512,4.673464287303285
1485,342.7284274307136,112.74958312183261,9740.34813489809,4038.9218206609894,1.7253614318403512,4.673464287303285
1486,342.7284274307136,112.74958312183261,9740.34813489809,4038.9218206609894,1.7253614318403512,4.673464287303285
1487,344.1171346333755,110.00577966270595,9759.634259885599,3907.5228748131794,2.0553095796398373,4.33273606162738
1488,344.1171346333755,110.00577966270595,9759.634259885599,3907.5228748131794,2.0553095796398373,4.33273606162738
1489,343.3297554390416,111.22495388329592,9848.770708767892,3874.8210466806468,1.6445421093911685,4.542524039657348
1490,337.8987062537659,110.97187707351648,9865.210067687778,3869.993122630614,1.7856862157542202,4.400615661445753
1491,353.5722768551156,72.67831848489556,9471.608163926761,4401.898946759995,0.8612695943570845,4.340332957677937
1492,353.5722768551156,72.67831848489556,9471.608163926761,4401.898946759995,0.8612695943570845,4.340332957677937
1493,353.61371866591304,71.49378067494408,9584.917794756842,4320.516724851457,1.0993228694468018,3.8718547261817804
1494,358.16806008036275,73.54317718282984,9453.776112673984,4226.451326811859,0.9071128932933571,3.930281910749327
1495,361.8863372224604,71.24167937299782,9355.07954635245,4206.4933326640285,1.301837628058628,3.6064312562548633
1496,361.8863372224604,71.24167937299782,9355.07954635245,4206.4933326640285,1.301837628058628,3.6064312562548633
1497,361.8863372224604,71.24167937299782,9355.07954635245,4206.4933326640285,1.301837628058628,3.6064312562548633
1498,361.3100245107608,71.16514772419195,9240.06429982903,4030.5851012282774,1.3060938446128285,3.5518185415846664
1499,361.3100245107608,71.16514772419195,9240.06429982903,4030.5851012282774,1.3060938446128285,3.5518185415846664
1500,367.46735575976106,73.47408446839941,9226.199366061262,4003.044357306494,1.2399721928356833,3.60175698162873
1501,349.72087377817877,72.32507575960992,9109.930334988725,4200.643706037217,3.089632376867674,4.135041370092549
1502,344.1980451223428,74.7422344417212,8545.828416685295,4690.323958592128,2.623044492982545,4.627316030159124
1503,344.1980451223428,74.7422344417212,8545.828416685295,4690.323958592128,2.623044492982545,4.627316030159124
1504,344.18140330067837,104.0602292154027,9283.252856319095,4646.386695965864,0.5584746921167694,3.335183578723338
1505,335.16692575479783,113.85365238337022,9193.870859615761,4424.82079443968,0.7985672838408486,3.5153209931651195
1506,335.16692575479783,113.85365238337022,9193.870859615761,4424.82079443968,0.7985672838408486,3.5153209931651195
1507,335.16692575479783,113.85365238337022,9193.870859615761,4424.82079443968,0.7985672838408486,3.5153209931651195
1508,335.16692575479783,113.85365238337022,9193.870859615761,4424.82079443968,0.7985672838408486,3.5153209931651195
1509,331.74271072613595,114.69058219784417,9165.745758925681,4597.153909315227,1.2119788785297914,3.569389161661831
1510,333.39630805754643,116.34931254982375,9195.131883574872,4449.72163077113,1.4231757525247133,3.69473483273991
1511,341.05545335279254,111.6558001844935,9254.338419923522,4523.3313746327485,1.4479194904630397,3.8128466338090083
1512,336.07682291924226,114.13026963179321,9211.883951418473,4528.349996136789,1.3637668602415447,3.9999723489110433
1513,336.07405408701254,112.52572419829224,9246.223522692924,4500.143054809545,0.8366656498445884,4.103523689186936
1514,336.07405408701254,112.52572419829224,9246.223522692924,4500.143054809545,0.8366656498445884,4.103523689186936
1515,366.72530876525644,108.56732643280745,9602.499036887511,3832.7256804454746,1.0474356879934321,2.3335543496456386
1516,342.92972276092956,147.3707519349083,9498.616468852688,3895.6458625576815,3.1838661148962646,3.458335134730707
1517,352.4084003837265,145.56614453299176,9505.252834976247,3776.016110009313,3.220889858195282,3.5695836055042127
1518,352.4084003837265,145.56614453299176,9505.252834976247,3776.016110009313,3.220889858195282,3.5695836055042127
1519,360.6632118599877,141.941089999218,9382.07794153638,3679.746645110628,3.497648485582691,3.959551981631997
1520,356.014596316811,146.0727279329223,9391.529139965993,3612.1803230071623,3.3618468427077257,3.713617033837732
1521,357.66573189817774,145.12841447140946,9375.132846797256,3547.3175822960575,3.0097036261603973,3.578630413392552
1522,345.2341492350615,147.11875681810386,9352.473702201885,3546.2007711073065,3.052630736296014,3.810200736751092
1523,345.2341492350615,147.11875681810386,9352.473702201885,3546.2007711073065,3.052630736296014,3.810200736751092
1524,360.93767062073664,146.41981885269206,9309.213035473991,3468.604194724199,3.243438533484094,3.632487988542138
1525,363.33816655654493,148.63680735797902,9218.695026796606,3480.5718509503663,3.18202367344504,3.5728585846443104
1526,363.33816655654493,148.63680735797902,9218.695026796606,3480.5718509503663,3.18202367344504,3.5728585846443104
1527,335.8736649581103,139.3907838497475,8549.76297768585,3587.595177736308,4.257315175339665,4.323960122344154
1528,332.38292036376504,140.73688648341306,8521.21164079044,3613.0643604926427,4.4694695333795735,4.384906139163499
1529,332.38292036376504,140.73688648341306,8521.21164079044,3613.0643604926427,4.4694695333795735,4.384906139163499
1530,341.74273691029276,134.85036110982597,8545.671291215138,3454.2348358860054,4.300127526511552,4.061681333675427
1531,340.2955207961459,131.0706247233076,8553.564923328748,3268.073579961056,4.334268800057996,3.8964041891929972
1532,336.07586261276464,127.16416663301794,8577.777584215233,3401.408352241655,3.991701378370785,4.169004095268657
1533,339.15496948336533,129.06713623243076,8659.558691468024,3452.436334677608,3.6408084010589574,4.096727609869923
1534,336.9573541399104,128.71647720894353,8570.825737520983,3496.245141710604,4.139544083340132,4.448864968141033
1535,336.9573541399104,128.71647720894353,8570.825737520983,3496.245141710604,4.139544083340132,4.448864968141033
1536,335.95644718321716,129.42069651419962,8536.657195594664,3539.4210312684277,4.323780308361559,4.247516060030917
1537,340.4493587488386,123.48419728298485,8517.44821173889,3394.6469131558806,4.1540499809610525,4.004338435328158
1538,343.5043279118271,95.36167637823826,8173.101420128345,3760.4292669275997,3.9043544108901838,3.380805636943563
1539,331.98824955754134,100.15642216602797,8193.774966755765,3823.845270858665,3.870195388844154,3.1101659743553935
1540,336.2970232038591,93.37889628122312,8147.225577678379,3908.6359730293925,3.9739527036313227,3.204511013000951
1541,336.2970232038591,93.37889628122312,8147.225577678379,3908.6359730293925,3.9739527036313227,3.204511013000951
1542,333.1988275081412,92.09817878496423,8043.997959147358,3703.81037962334,4.1704469438501075,3.3623475869989816
1543,333.1988275081412,92.09817878496423,8043.997959147358,3703.81037962334,4.1704469438501075,3.3623475869989816
1544,333.1988275081412,92.09817878496423,8043.997959147358,3703.81037962334,4.1704469438501075,3.3623475869989816
1545,339.2809060696689,90.00757002072623,8126.9246894029375,3804.046363976955,4.183855815803529,3.539879408703613
1546,375.0127752325397,74.24639655206744,8420.65090135969,4311.360897608807,3.5508610241608785,3.9961812479066627
1547,375.0127752325397,74.24639655206744,8420.65090135969,4311.360897608807,3.5508610241608785,3.9961812479066627
1548,371.79775231932916,73.10805823088944,8553.819891008308,4364.322813606352,3.71636864457275,3.9849530977358807
1549,375.3935835186942,75.29015600760712,8610.635183709806,4309.9585755705975,3.8895789202621986,3.920911273688131
1550,373.57637917484476,77.67995910007751,8643.179130016171,4254.408225872343,4.576813037474817,4.104023150638333
1551,380.665882251019,72.07291032700999,8679.084981855136,4252.027333896508,4.756296263552093,3.683282439841279
1552,380.665882251019,72.07291032700999,8679.084981855136,4252.027333896508,4.756296263552093,3.683282439841279
1553,393.6196755123434,76.35722354934285,8757.719657243812,4234.516343416012,4.888272232288534,3.3610186915174456
1554,393.6196755123434,76.35722354934285,8757.719657243812,4234.516343416012,4.888272232288534,3.3610186915174456
1555,387.1811139125729,78.36215408186455,8718.15756150032,4174.417592553239,4.614448758326985,3.9964900752786163
1556,387.1811139125729,78.36215408186455,8718.15756150032,4174.417592553239,4.614448758326985,3.9964900752786163
1557,387.8319066006427,74.04813928775786,8867.992194788338,4143.779606150951,4.832033618830279,3.8806444558072757
1558,399.40663017705447,79.96495755432849,8878.070284105952,4177.803486412084,4.521205956621065,4.084812326693855
1559,399.40663017705447,79.96495755432849,8878.070284105952,4177.803486412084,4.521205956621065,4.084812326693855
1560,363.9627237394772,85.15420460167577,8614.640718830091,4599.799157722294,3.778258713496383,2.587410293211883
1561,367.03070824429324,87.93449916957178,8637.989968041556,4762.596665393941,3.670898386465005,2.219162326661867
1562,370.71179731167274,94.23006774002083,8747.869238153724,4800.153035476785,3.7005660176141664,1.7649110913874044
1563,375.7500376671334,97.18683094580923,8796.477972608653,4896.4314757663215,3.517001745980091,1.7503727514962222
1564,378.82579226419074,94.69058979925474,8783.272554660593,4862.1699214672135,3.539777195302321,1.698351994107583
1565,436.4666445870473,92.41473989439835,8847.335279763072,4330.139332898603,4.530003490842077,2.504978466509129
1566,418.5498343545389,91.35455444579834,8754.546169300684,4268.090209612308,4.739122360616836,2.472737708634354
1567,416.42123070416983,98.20409923207173,8578.669355031856,4289.280015633439,4.91063729253162,2.739227680195699
1568,416.42123070416983,98.20409923207173,8578.669355031856,4289.280015633439,4.91063729253162,2.739227680195699
1569,403.6345264335944,131.72213593636423,8933.13462495846,3679.4361710225908,3.645006788090967,3.8705287017106627
1570,412.34092759721125,131.35204396115796,9770.337371704016,3424.8627322395823,2.745374010101914,2.084849538218842
1571,411.79461246211804,125.26940926810461,9875.772059641564,3251.4304561147724,2.9634480330165585,1.7041275718557405
1572,397.50256455892884,133.27228130359572,9573.534176583724,3944.1885322610347,3.425741130247984,1.0690794333858922
1573,394.54284898143123,127.95479653196628,9511.68921322124,3989.9995857380645,3.15658051453007,1.1437468661726529
1574,393.2778417555527,128.16785775759428,9522.770625332549,4091.468275015894,2.936347640662017,0.8438672130429414
1575,435.97864369537433,124.58849881433001,9104.244776250212,4068.7410966580824,2.124545328040477,1.3640409657012664
1576,441.67843757853876,131.1369707016664,9306.521489662371,4227.987504128742,2.1693706504831627,0.8643215568821754
1577,440.36930330615087,136.76246797121445,9415.96190987145,4174.199321199564,2.3791313148369126,0.8120286608064
1578,457.96566319096524,118.70695666436308,9588.927546744639,4500.7734775938225,0.2936319880487026,0.7211719141775335
1579,422.38627335704393,97.92567593803506,9041.02621700837,4046.580582852664,1.1855434903047197,1.237615531415078
1580,420.9854880391658,101.16693413394854,9135.78787162464,4199.213528127231,1.4522262056051587,1.3904674726665462
1581,361.95194279963437,104.8575456283199,8932.853927709071,3918.7809808728134,3.1394872675018037,2.725563505777345
1582,361.95194279963437,104.8575456283199,8932.853927709071,3918.7809808728134,3.1394872675018037,2.725563505777345
1583,357.33720095169065,109.779169750644,8869.38032221354,4031.0758175856154,3.3972838822004547,2.9179472384754184
1584,354.5691610058583,110.06704652457759,8808.66995102596,4059.0700654157763,3.065689188710875,3.0532388995181274
1585,350.47139036184797,109.79456937381921,8887.798276644948,3918.446251230295,3.4777727480816685,3.1062737914048717
1586,352.8453502061856,110.06073620432777,8946.82353689164,3678.913644239691,3.4737761697962313,3.4428976715492308
1587,337.4746250159746,112.19560458304164,8691.119118164585,3041.927846572591,2.76438726222392,3.5789387223484765
1588,334.20303889353187,116.24307961462532,8621.342475060344,3017.2932955001806,2.679714427666192,3.749509189838772
1589,355.15543952006084,95.81949454352723,9163.394875439935,3291.34365799947,0.8138611763084618,0.9155172415710897
1590,362.7354607733033,95.02700690418745,9146.292569718538,3289.260228306431,0.7375636413241741,0.9374379375537845
1591,362.7354607733033,95.02700690418745,9146.292569718538,3289.260228306431,0.7375636413241741,0.9374379375537845
1592,361.7165388259912,94.89628196697753,9267.586239279917,3322.677205768212,0.8684796784890648,0.49611020991516064
1593,356.7840123352192,87.22097461971482,9394.72728680678,3393.220115033204,1.143190912000827,0.1724339990821735
1594,357.9996233659981,85.08451463342469,9331.175279483301,3281.640877601091,0.9503961027621678,0.17076231583012821
1595,349.67924292878956,87.8364351012003,9411.731080960795,3223.1749161724133,1.1103678836988857,0.4876326586606501
1596,348.1638338037257,83.03138247472549,9395.157167627138,3052.6207133892535,1.2514475350632817,0.48375805621943246
1597,348.1638338037257,83.03138247472549,9395.157167627138,3052.6207133892535,1.2514475350632817,0.48375805621943246
1598,348.85681183534757,86.72050082641766,9375.676232132077,3124.915159001043,1.0307600927956113,0.39402484457225917
1599,348.85681183534757,86.72050082641766,9375.676232132077,3124.915159001043,1.0307600927956113,0.39402484457225917
1600,333.0633342221887,85.36701282878687,9216.886994297038,3122.0004767790847,1.4216454662204103,0.14369799169277958
1601,330.83758708682495,85.7279407316937,9215.808193268807,3199.7942791118517,1.730899718571693,0.13438413761342782
1602,330.83758708682495,85.7279407316937,9215.808193268807,3199.7942791118517,1.730899718571693,0.13438413761342782
1603,330.83758708682495,85.7279407316937,9215.808193268807,3199.7942791118517,1.730899718571693,0.13438413761342782
1604,330.83758708682495,85.7279407316937,9215.808193268807,3199.7942791118517,1.730899718571693,0.13438413761342782
1605,330.83758708682495,85.7279407316937,9215.808193268807,3199.7942791118517,1.730899718571693,0.13438413761342782
1606,338.88545100174025,76.15124164256909,9188.961745655522,3759.3368599017704,2.772854743966546,1.8463585852807454
1607,338.88545100174025,76.15124164256909,9188.961745655522,3759.3368599017704,2.772854743966546,1.8463585852807454
1608,338.88545100174025,76.15124164256909,9188.961745655522,3759.3368599017704,2.772854743966546,1.8463585852807454
1609,331.15738430821506,75.83492051813019,9247.142187410886,3847.0433283624884,2.65877085641383,1.5976005865334728
1610,331.15738430821506,75.83492051813019,9247.142187410886,3847.0433283624884,2.65877085641383,1.5976005865334728
1611,338.3194029654894,73.77335745629007,9237.165897072113,3866.486738259655,2.2668440619512653,1.8691103217215455
1612,338.3328919997853,74.96808608679443,9380.563446609129,3943.7948049445604,2.2201541778719007,2.3347209978961994
1613,338.3328919997853,74.96808608679443,9380.563446609129,3943.7948049445604,2.2201541778719007,2.3347209978961994
1614,354.15593779737793,85.7225085961178,9565.278835431112,3600.267512782284,1.739189644729465,1.1814565218724902
1615,347.0277632740009,79.97623500495355,9441.77672543731,3664.284644149372,1.536150451105501,1.4073291043434781
1616,344.9826441628421,72.09445726565667,8617.68524698265,3828.9345699886185,2.548755576039784,2.717532336397078
1617,344.9826441628421,72.09445726565667,8617.68524698265,3828.9345699886185,2.548755576039784,2.717532336397078
1618,370.94461621119234,73.62651934814642,8828.099523439589,3280.3902624751104,3.3427474379757576,2.0813401326729672
1619,370.47209082431107,70.65981283677567,8809.935078595527,3251.788018920246,3.3876703195586715,2.135536753030243
1620,366.978860999119,75.19586188900998,8797.589798693683,3298.338365184677,3.039069387583183,2.3650619346855613
1621,362.5863037353176,78.77234133004438,8861.19390250179,3251.514753341249,2.7735927718873192,1.940088960406489
1622,362.5863037353176,78.77234133004438,8861.19390250179,3251.514753341249,2.7735927718873192,1.940088960406489
1623,367.72149218495036,87.98468468847348,8812.449149621725,3307.210117163475,2.2264637909510436,2.1061314461397833
1624,390.30154743438294,98.73489334500385,9824.303516901426,4068.1873432969887,0.9557531537883053,1.945122207731009
1625,387.8506967465593,101.6944816489565,9701.608211542276,3968.5054310509586,1.1395982562354852,2.1672118375002456
1626,397.012719862906,85.90771787408259,9144.214238698716,3948.8043673932934,0.6914093994255177,1.5168589650923907
1627,399.8069530714126,79.29724886675446,8967.032434789631,4077.101660041777,0.5785471267397985,1.8136338254665612
1628,404.24356764044177,73.26379450100785,9032.819016927146,4007.2025771356216,0.5961348625214187,1.4788480618261195
1629,404.657111013396,74.17228352739134,8954.892232363542,4106.722088239805,0.6122847277348704,1.5424042493783157
1630,407.80527717857535,79.14143720922121,9094.910849343674,4312.023585469858,0.12491553765709873,1.5209186973310402
1631,407.80527717857535,79.14143720922121,9094.910849343674,4312.023585469858,0.12491553765709873,1.5209186973310402
1632,410.3073188204604,76.4319177752625,9088.715393611219,4445.103155696241,0.15380058962351967,1.1682230052910474
1633,410.3073188204604,76.4319177752625,9088.715393611219,4445.103155696241,0.15380058962351967,1.1682230052910474
1634,407.9565150187036,75.13890967480748,9140.242186053354,4477.8973598725315,0.28037041050819267,0.9029099175490941
1635,407.9565150187036,75.13890967480748,9140.242186053354,4477.8973598725315,0.28037041050819267,0.9029099175490941
1636,407.9565150187036,75.13890967480748,9140.242186053354,4477.8973598725315,0.28037041050819267,0.9029099175490941
1637,412.7619844923802,70.21666148907686,9178.362609347529,4512.768181367352,0.3072740264422586,0.8246216999722082
1638,412.7619844923802,70.21666148907686,9178.362609347529,4512.768181367352,0.3072740264422586,0.8246216999722082
1639,412.7619844923802,70.21666148907686,9178.362609347529,4512.768181367352,0.3072740264422586,0.8246216999722082
1640,412.7619844923802,70.21666148907686,9178.362609347529,4512.768181367352,0.3072740264422586,0.8246216999722082
1641,417.64595036783516,76.30563827277808,9293.033279743106,4484.145567436884,0.13040378344541467,0.6596032855783864
1642,345.3927977705538,94.39528189238344,9372.130740585771,4357.213984089685,3.9315845063398953,0.7801601558986299
1643,337.3313219667163,91.59725748382002,9325.015459677443,4477.1074785078645,4.120056335931209,0.3637279616223834
1644,337.7661341678008,90.71300852184179,9383.634360339915,4500.560313639398,3.759219136920207,0.746868114758323
1645,337.7661341678008,90.71300852184179,9383.634360339915,4500.560313639398,3.759219136920207,0.746868114758323
1646,335.4278768926421,94.00433658308567,9418.991399296763,4428.245854205448,3.8360613365230742,0.9662729921614007
1647,335.4278768926421,94.00433658308567,9418.991399296763,4428.245854205448,3.8360613365230742,0.9662729921614007
1648,349.25275067409643,95.78452200135492,9103.710596637626,4515.5838917127285,3.3056821989224865,2.031722518074143
1649,347.6781264422171,97.67774090018825,9149.519638642045,4642.458905594806,3.07122137365411,1.957824421200208
1650,376.65718187090465,88.42238658519298,9774.933811418587,3946.5401490077365,2.3658688325495634,1.393757675604256
1651,376.1773829059533,86.7815157820972,9861.809111798142,3809.1776258866803,1.8387942700838669,1.3989611173245606
1652,373.06416895058913,89.91118968911971,9933.755451924246,3787.620162003836,1.6343204009324568,1.1240471827715337
1653,373.06416895058913,89.91118968911971,9933.755451924246,3787.620162003836,1.6343204009324568,1.1240471827715337
1654,373.06416895058913,89.91118968911971,9933.755451924246,3787.620162003836,1.6343204009324568,1.1240471827715337
1655,373.06416895058913,89.91118968911971,9933.755451924246,3787.620162003836,1.6343204009324568,1.1240471827715337
1656,369.3465609426112,94.30699805738763,9938.123402160089,3774.894937152083,1.4142217835481643,1.4377880117249746
1657,361.7120565850875,96.7213901988842,9990.165008859154,3818.409601044797,1.6303867967121937,1.2012439190463517
1658,354.845133172421,100.55138203143856,9919.25484142569,3859.9335385974546,1.7097876847008373,1.2957956700306845
1659,354.845133172421,100.55138203143856,9919.25484142569,3859.9335385974546,1.7097876847008373,1.2957956700306845
1660,349.26712241467646,98.41770403650054,9906.664574327933,3808.8292057620965,1.3733882834844289,1.7445507064996997
1661,347.31083341859016,103.41534816448278,9963.65879063261,3889.509024238274,1.798090468223305,1.6996103752660054
1662,370.82709594891725,82.04007004310897,9823.587828825162,3942.169314357782,0.6268032829159873,1.0466415839495251
1663,366.81411229071625,83.87247216685074,9678.274848262958,3812.6681808289486,0.6683959547760238,1.1741586781537519
1664,362.18877155523495,75.46474262549368,9559.103015237317,3932.928408272007,0.8233227562778669,1.4876558758038922
1665,362.18877155523495,75.46474262549368,9559.103015237317,3932.928408272007,0.8233227562778669,1.4876558758038922
1666,359.5703690059953,78.24505358304079,9539.267748535183,3949.653610792953,0.575853326077447,1.1239271883283075
1667,365.07713474716525,78.32835957506335,9749.466034187019,4029.054363039236,0.7202543218244829,0.7673454599606677
1668,368.5771849185667,83.61535507808603,9801.650792369943,3992.468800684732,0.5789626237959493,0.8757120802582888
1669,372.333407301742,87.71746848578556,9966.59784444291,3924.619186063697,0.5354054389820103,0.8515307950863324
1670,372.333407301742,87.71746848578556,9966.59784444291,3924.619186063697,0.5354054389820103,0.8515307950863324
1671,372.333407301742,87.71746848578556,9966.59784444291,3924.619186063697,0.5354054389820103,0.8515307950863324
1672,374.4411052909312,90.54686465387428,9844.490826747486,4047.648411779538,0.36330552309642894,1.0405205190864149
1673,375.9876369682985,98.85385536230326,9858.770278566444,4011.4133535703645,0.34390757440733155,1.5417661137334258
1674,370.69447148066797,97.77560987302948,9782.113931308155,3954.9969913324658,0.7581157901989161,1.7036937970692203
1675,379.7265675349292,86.66034470783741,9803.141052440646,4011.975058676983,0.9056946975347018,3.4732753111158785
1676,381.64526675658726,85.46495353774698,9931.51960109159,3948.336954158751,0.8150300179187756,3.1980113402635153
1677,384.47528899679963,78.24003556273318,9963.175647667738,4062.345555454168,0.8287914351002992,3.2937839285729678
1678,389.710447191737,72.36963242453182,9950.354425791633,3932.965332123015,1.134807249170192,3.1137185960822804
1679,389.94988916868385,72.21613669869976,9924.68900164384,3728.8112418293417,1.1585307694662663,3.1151621044289035
1680,389.94988916868385,72.21613669869976,9924.68900164384,3728.8112418293417,1.1585307694662663,3.1151621044289035
1681,389.94988916868385,72.21613669869976,9924.68900164384,3728.8112418293417,1.1585307694662663,3.1151621044289035
1682,386.45543113706776,72.46253798062429,9891.50228516414,3853.178959899063,1.6676955319696047,3.394582266138547
1683,386.45543113706776,72.46253798062429,9891.50228516414,3853.178959899063,1.6676955319696047,3.394582266138547
1684,386.45543113706776,72.46253798062429,9891.50228516414,3853.178959899063,1.6676955319696047,3.394582266138547
1685,386.45543113706776,72.46253798062429,9891.50228516414,3853.178959899063,1.6676955319696047,3.394582266138547
1686,386.45543113706776,72.46253798062429,9891.50228516414,3853.178959899063,1.6676955319696047,3.394582266138547
1687,386.45543113706776,72.46253798062429,9891.50228516414,3853.178959899063,1.6676955319696047,3.394582266138547
1688,385.2399467587385,72.84823641273036,9897.782162853006,3898.652329118163,1.4424269450081004,3.4424792502845887
1689,385.2399467587385,72.84823641273036,9897.782162853006,3898.652329118163,1.4424269450081004,3.4424792502845887
1690,385.2399467587385,72.84823641273036,9897.782162853006,3898.652329118163,1.4424269450081004,3.4424792502845887
1691,384.30634532029325,79.9599745658938,9871.055396456983,3985.5172374237322,1.3874041219179019,3.7144967532418214
1692,381.8267068818266,74.79881716570435,9810.492592653758,3917.401654197402,1.2057387332418261,3.676852187257123
1693,380.20691489565627,79.62228506338401,9786.265846262148,4053.775177033261,1.2856284639097526,3.7716544347968943
1694,370.46514215112114,80.94510702950272,9747.372691540866,3960.7630166966046,1.5643675402966903,4.138095262339526
1695,371.10896582599446,86.65544101283491,9683.238400080132,3991.7311681152405,1.6962850849417395,3.815130650588088
1696,365.8839790475108,82.55528399861339,9764.075478940398,4012.1070445002624,1.6033827073135218,4.071447239239987
1697,378.08708554808703,93.04910920692848,9525.938243119921,3800.36872762582,3.2844562817229157,4.261043991354912
1698,378.08708554808703,93.04910920692848,9525.938243119921,3800.36872762582,3.2844562817229157,4.261043991354912
1699,397.7680394332654,80.02816193236724,9525.699948439282,3129.590014540676,1.9208922473669667,2.354016830265163
1700,397.7680394332654,80.02816193236724,9525.699948439282,3129.590014540676,1.9208922473669667,2.354016830265163
1701,397.7680394332654,80.02816193236724,9525.699948439282,3129.590014540676,1.9208922473669667,2.354016830265163
1702,397.7680394332654,80.02816193236724,9525.699948439282,3129.590014540676,1.9208922473669667,2.354016830265163
1703,397.7680394332654,80.02816193236724,9525.699948439282,3129.590014540676,1.9208922473669667,2.354016830265163
1704,424.1777887107947,75.7830333032461,8742.821210685508,3505.338531275372,0.3463696991221297,2.84095865164081
1705,431.2457676230805,74.82846936119934,8835.354432065411,3475.3130211516723,0.41271699648371885,2.868514358167895
1706,431.2457676230805,74.82846936119934,8835.354432065411,3475.3130211516723,0.41271699648371885,2.868514358167895
1707,431.2457676230805,74.82846936119934,8835.354432065411,3475.3130211516723,0.41271699648371885,2.868514358167895
1708,417.0605482530111,73.21823677492054,8756.216436761437,3419.167542629389,0.5644757833954706,2.7910120572547177
1709,417.219735195828,73.48369166064211,8840.911916496192,3500.809734723036,0.8339177543738153,3.0964769736887217
1710,417.219735195828,73.48369166064211,8840.911916496192,3500.809734723036,0.8339177543738153,3.0964769736887217
1711,417.219735195828,73.48369166064211,8840.911916496192,3500.809734723036,0.8339177543738153,3.0964769736887217
1712,421.2749397952528,72.61799296247533,8857.40459968255,3455.77420154785,0.7532502393676621,3.3344774890285533
1713,427.9959760578532,71.9730637639346,8942.312374971638,3420.7732681203292,1.046371638510763,3.4720446549997903
1714,387.3678327425055,86.58749276689063,9160.131591888214,3829.3187292165385,4.482667956219207,4.393358809476366
1715,389.2680129848034,84.8176167843334,9143.73239897711,3765.0514725869293,4.6173287525659665,4.241262399533336
1716,407.0940423198963,76.4408600626998,9691.89319088703,3590.1228938922477,3.7674575219043294,3.1772686127349306
1717,397.49245699149577,79.75753419045398,9530.518760118568,3435.4064014996666,4.065572091563517,3.7447130323085482
1718,393.92015581257704,77.47424427993596,9619.054522975774,3501.7996642107983,4.321178520015113,3.972943826969028
1719,391.5634674274455,83.55500988429044,9600.24425038443,3416.3127336054627,4.328139090415717,3.8950821349433977
1720,388.6412461193431,75.70615472676789,9617.957099875413,3305.595519191396,4.128712699427323,3.774006537913224
1721,381.58041749127324,75.59251282315128,9565.753347487616,3433.260781641585,4.244467779183339,3.885143034100577
1722,381.4265226556803,79.6677912504398,9643.949261077934,3339.1606166378137,4.321037502122645,3.4670924325804577
1723,377.70549358927445,83.68238442112099,9580.315414717028,3146.6269504935444,3.894743078917981,3.925865167202101
1724,377.70549358927445,83.68238442112099,9580.315414717028,3146.6269504935444,3.894743078917981,3.925865167202101
1725,383.7205382602328,85.97906145202765,9579.072244804001,3193.590520578669,4.050335082382387,3.9311046551160542
1726,376.9826459773801,84.7685084482345,9615.318634052419,3212.054372107562,3.9816494056033194,3.934742667518486
1727,375.7020419475159,83.36514122298567,9457.770997373793,4094.509916864602,2.500296550654773,4.96268591269047
1728,375.7020419475159,83.36514122298567,9457.770997373793,4094.509916864602,2.500296550654773,4.96268591269047
1729,375.7020419475159,83.36514122298567,9457.770997373793,4094.509916864602,2.500296550654773,4.96268591269047
1730,344.91559007701426,104.8642227946844,9203.9276194466,3935.630679814349,2.763817924867779,4.947156325230641
1731,344.91559007701426,104.8642227946844,9203.9276194466,3935.630679814349,2.763817924867779,4.947156325230641
1732,336.1778678206592,97.80683219861568,9828.308398484658,3978.297710391462,4.2698482193441505,3.730371988817968
1733,336.55928210641497,103.72531535645551,9878.74755975148,3786.8949103496534,4.244439688931981,3.518060670623765
1734,336.55928210641497,103.72531535645551,9878.74755975148,3786.8949103496534,4.244439688931981,3.518060670623765
1735,339.3173108573533,101.23134638148461,9931.704191693478,3726.964965301836,4.129173744154053,3.5131621128029322
1736,337.84086666155207,99.33030113429821,9836.135013175259,3611.4182254482866,4.316962800622968,3.2559371466056284
1737,335.6715201601699,101.45105756944406,9848.769736934682,3603.4230347200373,4.422757015654666,3.3334939204985923
1738,345.59953625547,94.60044554203213,9591.294682924887,3150.1908307052054,4.556060990049285,3.4562984546226296
1739,341.0260613794422,95.71118847122062,9730.351832261613,3030.4558716865167,4.6447021513581515,3.3545598474711786
1740,341.0260613794422,95.71118847122062,9730.351832261613,3030.4558716865167,4.6447021513581515,3.3545598474711786
1741,337.0880333893931,96.01769308009129,9873.475233366276,3119.699624101802,4.43751882363784,2.93532384764632
1742,342.9114979610542,96.71950312897373,9895.499205918766,3143.655626868203,4.070794104836115,3.0520468443858464
1743,343.27438945119866,95.16114135000119,9890.598565428401,3132.177613211817,3.7924765533591906,2.7787176682772317
1744,337.6083542538938,70.95700862481621,9911.081526311606,3650.540822954302,4.377130884205455,4.552081797493863
1745,366.56172607309327,90.972229308925,9900.159990181935,3365.903893900113,4.4313257787731315,2.5139100399719907
1746,366.56172607309327,90.972229308925,9900.159990181935,3365.903893900113,4.4313257787731315,2.5139100399719907
1747,366.56172607309327,90.972229308925,9900.159990181935,3365.903893900113,4.4313257787731315,2.5139100399719907
1748,335.28518489490614,109.90726608866758,9537.023270239211,3529.3896720905977,2.3632760892522455,3.120923637373732
1749,335.3372847397828,84.28207678080707,9383.56275409519,3896.9929344852794,1.886772596158269,4.95416451788248
1750,335.3372847397828,84.28207678080707,9383.56275409519,3896.9929344852794,1.886772596158269,4.95416451788248
1751,335.94294478119383,81.11583030171431,9357.149179126915,3750.0102594579316,1.839465506193706,4.312345600740789
1752,335.94294478119383,81.11583030171431,9357.149179126915,3750.0102594579316,1.839465506193706,4.312345600740789
1753,336.26091367978313,80.79367341862269,9301.020462063647,3652.3127392159813,1.972062229310698,4.092239436819276
1754,336.26091367978313,80.79367341862269,9301.020462063647,3652.3127392159813,1.972062229310698,4.092239436819276
1755,341.46108604304663,81.31297081362408,9182.323939398158,3572.5404696286523,1.9969453269815547,4.361336407634866
1756,341.46108604304663,81.31297081362408,9182.323939398158,3572.5404696286523,1.9969453269815547,4.361336407634866
1757,410.7842899663135,71.64892804613221,9903.922858917125,3636.307447403277,0.4386667844185239,1.686375052274865
1758,409.7089789833533,71.70475988569633,9858.725826136557,3530.8788440968524,0.2178199348910138,1.9086044753429554
1759,409.7089789833533,71.70475988569633,9858.725826136557,3530.8788440968524,0.2178199348910138,1.9086044753429554
1760,409.7089789833533,71.70475988569633,9858.725826136557,3530.8788440968524,0.2178199348910138,1.9086044753429554
1761,409.7089789833533,71.70475988569633,9858.725826136557,3530.8788440968524,0.2178199348910138,1.9086044753429554
1762,402.3898448250963,76.23291110792056,9661.102491194208,3555.8884374968284,0.19683023727154575,2.2265484512057587
1763,402.6678403120608,74.19162908127727,9945.288996199602,4392.115672646234,1.8420741893351775,3.340054083538708
1764,402.6678403120608,74.19162908127727,9945.288996199602,4392.115672646234,1.8420741893351775,3.340054083538708
1765,402.6678403120608,74.19162908127727,9945.288996199602,4392.115672646234,1.8420741893351775,3.340054083538708
1766,405.6589216022079,77.44838544488987,9924.104382510888,4442.807171862362,1.6513811581131639,2.8980711720848062
1767,398.6950824781376,74.00685271651152,9760.507248345159,4657.986222929274,3.1003496462011806,3.78849409931296
1768,378.682867216074,79.43120664457348,9294.446776150207,4412.8241238946885,2.0036272720080532,4.443745489027408
1769,392.74118505978544,114.70082489147944,9793.928074420932,4473.952566473187,0.8806383996659264,3.4474458105981944
1770,398.885073843438,114.28908499394322,9821.550304173834,4412.301120289158,0.7229259903855264,3.3779247553767733
1771,398.885073843438,114.28908499394322,9821.550304173834,4412.301120289158,0.7229259903855264,3.3779247553767733
1772,400.47001038452095,107.52316841304973,9743.886637467656,4501.009598292997,0.6736700649018625,3.350287738191919
1773,399.31400941845436,105.27293273413517,9851.744417753534,4402.763728908599,0.942505089869454,2.8995309322693696
1774,440.33755069848746,94.60941036003607,9868.282534871947,4359.8865415395385,0.7136477533845055,4.5820906855852455
1775,426.7000455986125,128.9972284170402,9291.255575007586,4272.834611805119,2.383264541142904,3.506574360816854
1776,432.2243054229303,125.61452973003739,9464.326688632369,4257.233597368488,2.09610841100992,3.7253749905274214
1777,432.74367844989183,127.38621896577779,9575.101969093155,4376.44974265815,1.8571979372525738,3.789677792344209
1778,439.0862518861045,137.36545428920897,9163.943283236373,4494.025232705124,0.15723576171801648,2.8316409123524897
1779,439.0862518861045,137.36545428920897,9163.943283236373,4494.025232705124,0.15723576171801648,2.8316409123524897
1780,439.0862518861045,137.36545428920897,9163.943283236373,4494.025232705124,0.15723576171801648,2.8316409123524897
1781,439.0862518861045,137.36545428920897,9163.943283236373,4494.025232705124,0.15723576171801648,2.8316409123524897
1782,439.0862518861045,137.36545428920897,9163.943283236373,4494.025232705124,0.15723576171801648,2.8316409123524897
1783,439.0862518861045,137.36545428920897,9163.943283236373,4494.025232705124,0.15723576171801648,2.8316409123524897
1784,439.0862518861045,137.36545428920897,9163.943283236373,4494.025232705124,0.15723576171801648,2.8316409123524897
1785,439.0862518861045,137.36545428920897,9163.943283236373,4494.025232705124,0.15723576171801648,2.8316409123524897
1786,439.0862518861045,137.36545428920897,9163.943283236373,4494.025232705124,0.15723576171801648,2.8316409123524897
1787,433.7350390387991,135.0256621096924,9192.939555263818,4555.817789841737,0.2712841081069317,2.785065606767837
1788,418.3778508056035,123.40055417518946,9264.049437800822,4259.754801984753,0.7673334173525034,4.777476938232403
1789,418.13373171728335,111.44591634321174,9188.106950168427,4162.743512919178,1.038914356021982,4.612321292387221
1790,419.00917427078605,92.35001533576049,9589.059142765032,3676.658423747239,2.182801553929988,4.141526870031327
1791,412.4915554146497,95.91114072470039,9543.473020973312,3825.847853532961,1.8289554517187376,4.296018378540061
1792,374.85707584347125,112.61411717691199,9872.424915321699,4424.178697366272,0.8837733590608423,2.585368533701689
1793,374.85707584347125,112.61411717691199,9872.424915321699,4424.178697366272,0.8837733590608423,2.585368533701689
1794,374.85707584347125,112.61411717691199,9872.424915321699,4424.178697366272,0.8837733590608423,2.585368533701689
1795,374.85707584347125,112.61411717691199,9872.424915321699,4424.178697366272,0.8837733590608423,2.585368533701689
1796,375.07930372439705,106.80532172184772,9906.225880117689,4369.672108189416,0.9043280323183844,2.2147593798315506
1797,367.1669450946776,109.00450362211333,9949.54227205802,4126.93854216099,1.65850001144783,2.8363148417077237
1798,358.89811320818876,103.97228280857342,9897.77583481341,4386.655919842242,1.836288110302819,2.1886991492396115
1799,370.1584573585234,105.661069351877,9834.309736646766,4250.057052217538,3.1360364317340386,2.308983380360092
1800,366.33585518983494,112.78985968859897,9904.186545260156,4331.623908217296,2.827162772556624,2.0524856780005902
1801,345.37087597332066,103.71240951303066,9902.919073835817,4608.5674227602685,4.109480214560399,2.4655242882230706
1802,349.1551608638806,103.58192561200536,9941.813779555974,4603.8086309765495,4.161219578762407,2.00109377464612
1803,355.9475699841801,108.11200051747863,9820.814501002591,4657.505669559431,3.6116497701632095,2.4273761975165216
1804,360.59595718424396,105.11947947352547,9889.941006731231,4644.352274938803,3.5706054979541397,2.801356002970095
1805,361.0512359161614,110.00905310191447,9870.364244438308,4688.213234378218,3.6421287500390704,2.7114544683115476
1806,361.0512359161614,110.00905310191447,9870.364244438308,4688.213234378218,3.6421287500390704,2.7114544683115476
1807,356.95690962381667,113.96081165361596,9884.589696858238,4597.1066670201735,3.927287678373149,2.3291243443084446
1808,364.67675992479724,100.32629616567091,9055.839025867288,3828.669285601254,4.2637142649279465,2.111754957008997
1809,364.67675992479724,100.32629616567091,9055.839025867288,3828.669285601254,4.2637142649279465,2.111754957008997
1810,367.6035856591383,103.4508261616591,9108.137186234386,4045.1753998606723,4.511796281765883,2.4888662958735734
1811,337.1774512335476,106.92390358687092,9604.799029126822,4495.221502628822,4.56986140279198,3.2851501109178387
1812,337.1774512335476,106.92390358687092,9604.799029126822,4495.221502628822,4.56986140279198,3.2851501109178387
1813,337.1774512335476,106.92390358687092,9604.799029126822,4495.221502628822,4.56986140279198,3.2851501109178387
1814,337.1774512335476,106.92390358687092,9604.799029126822,4495.221502628822,4.56986140279198,3.2851501109178387
1815,338.63549055391877,101.11812894412003,9671.873845352793,4717.272223484417,4.930330424735978,3.3414548624867932
1816,337.13357276786235,103.24892551315696,9572.680616692121,4733.625993081076,4.824309971759513,3.3981899593162983
1817,337.13357276786235,103.24892551315696,9572.680616692121,4733.625993081076,4.824309971759513,3.3981899593162983
1818,337.13357276786235,103.24892551315696,9572.680616692121,4733.625993081076,4.824309971759513,3.3981899593162983
1819,337.13357276786235,103.24892551315696,9572.680616692121,4733.625993081076,4.824309971759513,3.3981899593162983
1820,335.5710916302499,101.51849321940874,9539.271746902426,4702.912590413378,4.914665385539127,3.375634863184602
1821,340.36552633092475,109.25257515762326,9658.522903331826,4837.563169024952,4.943783198233214,2.6909428371521047
1822,340.36552633092475,109.25257515762326,9658.522903331826,4837.563169024952,4.943783198233214,2.6909428371521047
1823,340.9358401205721,102.47013407049162,9856.440632018079,4761.384173394951,4.997647830239366,2.571578391825731
1824,350.1752151910883,98.66489668875987,9894.889168244954,4740.551720770691,4.382084305250748,2.3037618176296277
1825,350.20981305454643,101.40376667521363,9971.910834880251,4823.125763821199,4.230693539933203,2.381471325606055
1826,355.3414619068572,100.45613772617676,9832.43784497885,4611.304275804863,3.9449231237159044,2.240925735919616
1827,349.7601385644821,100.43812544081078,9910.115248945069,4646.230826515189,4.173951237924054,2.616352046945641
1828,346.8307209092059,96.99562412363508,9939.944929102196,4698.2740172163585,4.106798724210377,2.390264163406713
1829,342.01568825995776,95.40124061994491,9804.053753732278,4771.458378767342,4.034959829198544,2.347769668254194
1830,354.51595496494025,122.2419382509227,9689.840638732545,4637.140268290144,2.5823203716203147,1.1959694066861635
1831,359.35434462028707,122.0531093331591,9632.756395680382,4842.687729608193,2.1989882439176722,1.1908424136306308
1832,357.6015513209545,127.73010019366899,9794.842154856153,4640.687101636714,2.417737840503308,1.056753832953784
1833,353.9526324695009,118.94433527614214,9762.765787950491,4589.530982098068,2.579920423712564,1.3438471095058935
1834,357.8712388108394,116.49306126936332,9862.100911796346,4787.325205233856,2.56859999159249,1.1477456804699935
1835,351.5537122767663,119.16237414639411,9795.361305570743,4689.21288704262,2.284570072364946,1.548812032640782
1836,360.6414197429659,120.65757528638923,9774.082531689684,4866.410037312393,2.2206169826568947,1.699332699860475
1837,426.27224511820987,98.66060734703666,9949.625826723655,4704.25807727174,1.0408780395714363,1.0553732493390353
1838,428.108207680104,90.83357946387075,9965.868364548467,4726.787834034881,1.4503002035828927,1.094273758558542
1839,419.50510190750947,85.34598487066326,9970.039341759286,4551.758238642822,1.4621336980170254,0.6889791040175802
1840,419.50510190750947,85.34598487066326,9970.039341759286,4551.758238642822,1.4621336980170254,0.6889791040175802
1841,411.7613756203955,85.97129546067768,9945.181486913303,4352.041047767557,1.4971964344679283,0.9947407338314502
1842,411.7613756203955,85.97129546067768,9945.181486913303,4352.041047767557,1.4971964344679283,0.9947407338314502
1843,411.7613756203955,85.97129546067768,9945.181486913303,4352.041047767557,1.4971964344679283,0.9947407338314502
1844,411.7613756203955,85.97129546067768,9945.181486913303,4352.041047767557,1.4971964344679283,0.9947407338314502
1845,354.5842471892477,90.62235527869605,9457.712164209464,4957.535758836817,1.9436568965955252,1.3786641828433333
1846,354.5842471892477,90.62235527869605,9457.712164209464,4957.535758836817,1.9436568965955252,1.3786641828433333
1847,355.05767445567534,97.21706511432724,9535.54860319172,4951.529480412766,1.880962013963573,0.9920064832528854
1848,355.05767445567534,97.21706511432724,9535.54860319172,4951.529480412766,1.880962013963573,0.9920064832528854
1849,355.05767445567534,97.21706511432724,9535.54860319172,4951.529480412766,1.880962013963573,0.9920064832528854
1850,355.05767445567534,97.21706511432724,9535.54860319172,4951.529480412766,1.880962013963573,0.9920064832528854
1851,355.05767445567534,97.21706511432724,9535.54860319172,4951.529480412766,1.880962013963573,0.9920064832528854
1852,373.3965817063893,105.55543595243668,9559.308596669998,4147.6001032921595,1.84621726244326,1.0558135993002884
1853,369.76109017091574,102.6940898777167,9660.363769427968,4155.558288993516,1.684631592305124,0.8781435651861542
1854,372.2520237822662,108.60437681230134,9919.348611583415,4013.702634206429,2.0323374263887506,0.9946059030403547
1855,372.2520237822662,108.60437681230134,9919.348611583415,4013.702634206429,2.0323374263887506,0.9946059030403547
1856,372.2520237822662,108.60437681230134,9919.348611583415,4013.702634206429,2.0323374263887506,0.9946059030403547
1857,372.2520237822662,108.60437681230134,9919.348611583415,4013.702634206429,2.0323374263887506,0.9946059030403547
1858,334.80019781065687,107.13408174707027,9856.034616750581,3641.9572917730807,4.417640627848615,0.9931663092989174
1859,343.1851990028223,109.525263173729,9839.230981982393,3805.111413271966,3.922803691969282,1.4121030720334489
1860,350.26758112706614,111.0330078649964,9795.246575115758,3848.058902317756,3.710831523826587,1.4177045674140034
1861,349.9539560265832,109.18551981496486,9908.902873672017,3723.8177390252104,3.740066915763925,1.1714362970449073
1862,349.9539560265832,109.18551981496486,9908.902873672017,3723.8177390252104,3.740066915763925,1.1714362970449073
1863,356.80142023049814,117.02042466167383,9794.694095440726,3917.1703609660894,3.7027643032257647,1.0863874709307921
1864,370.3809977799295,107.08133148905132,9677.202514668057,3973.893027001495,4.473993872159339,1.45881137444164
1865,367.07252162183397,104.21389476856503,9679.499642150298,3849.1770000129072,4.0837158590886995,1.5641293839628858
1866,350.774260430566,85.21376991821701,9673.619273578897,4482.434776103021,4.344742988641195,0.8318048393605177
1867,355.3306408539911,81.5635241183975,9838.320034111204,4570.971387928865,4.197249074313451,0.7139257666501799
1868,352.4504507402356,83.45449127239075,9808.67592343921,4596.954437784832,4.259602260152965,0.6289681220713518
1869,351.2505363284295,75.99478942729074,9780.368544316389,4680.719573664803,4.391340467512784,0.6678100710259278
1870,334.99351820932833,80.03856443995838,9851.795834994027,4718.377898853156,4.202605164576917,0.7588152673824241
1871,330.25502603261486,83.87325904843499,9926.778590629321,4549.864942831001,3.976865313424614,0.6015673034619595
1872,332.7133133911445,72.49935377458583,9893.65884210766,4478.764067554865,3.787520347055293,0.7521672309395954
1873,332.11739535926,72.78940341254338,9913.412533205441,4529.723185716045,3.4990792034791984,1.041637429740469
1874,331.1891286077133,72.77673260756391,9960.918407537762,4489.53870323525,2.887842700961986,1.2436323661405395
1875,331.1891286077133,72.77673260756391,9960.918407537762,4489.53870323525,2.887842700961986,1.2436323661405395
1876,331.1891286077133,72.77673260756391,9960.918407537762,4489.53870323525,2.887842700961986,1.2436323661405395
1877,331.1891286077133,72.77673260756391,9960.918407537762,4489.53870323525,2.887842700961986,1.2436323661405395
1878,336.37678607996077,77.92690056596179,9905.41620458622,4327.393568587839,3.0010072332280373,1.0481626480921122
1879,339.89842872876926,80.6468341583069,9930.284632094335,4470.219174654251,3.173331986547132,0.9789581876518534
1880,339.89842872876926,80.6468341583069,9930.284632094335,4470.219174654251,3.173331986547132,0.9789581876518534
1881,339.89842872876926,80.6468341583069,9930.284632094335,4470.219174654251,3.173331986547132,0.9789581876518534
1882,335.1589004930368,83.35609343416544,9673.064957019646,4483.436813739443,3.1339414252237336,0.7407220350706621
1883,335.1589004930368,83.35609343416544,9673.064957019646,4483.436813739443,3.1339414252237336,0.7407220350706621
1884,334.33181709829074,85.83438562680301,9583.866662187684,4576.756555082468,3.1194824016379115,1.0922684001826701
1885,331.3467551193472,90.21749275695967,9623.775939636926,4545.36147583682,3.24470643025398,1.388390576244152
1886,344.7722454244755,89.00816384903243,9691.849510876733,4505.42459116347,2.871446524090485,1.6328485236561667
1887,342.9861919673365,96.21718103648472,9992.153993021908,4487.347307088312,2.2046618723894182,0.63572749332188
1888,342.9861919673365,96.21718103648472,9992.153993021908,4487.347307088312,2.2046618723894182,0.63572749332188
1889,348.54084826363385,97.28806557111994,9962.810858679819,4554.065322123833,2.490038786733403,0.7170877793141873
1890,352.7775513614833,93.40392290718837,9930.680517969853,4598.727609370168,2.550692267508022,0.9058366683920389
1891,352.42997330280537,94.35483235077555,9830.797300713599,4586.716483941011,2.0883392722921785,1.4316559877204185
1892,399.13069533485674,139.93572714706497,9770.576907479008,3494.4816936864563,4.123039783956377,2.542259023380451
1893,387.29430161846386,136.2024488457409,9740.347085703725,3497.899440832769,4.082227165700968,2.2623188991669707
1894,378.6742152385349,134.22986569935688,9702.378656725381,3582.6893499194252,4.146582744173834,2.429283506283975
1895,368.5893260884357,137.9780171557997,9548.067064497021,3725.6978062634494,4.3141503902315534,2.6310721466549283
1896,373.38418006820376,136.0290020058572,9634.687957429212,3595.6865461795537,4.34386735414382,2.8947328268042565
1897,378.64516918408503,132.13448998336213,9768.222977173342,3622.3895719370803,4.374519850429393,2.7821150328511726
1898,374.6907235741159,131.88250986487424,9842.318204864589,3660.0432128384496,4.708210425700379,3.2720989963920317
1899,374.6907235741159,131.88250986487424,9842.318204864589,3660.0432128384496,4.708210425700379,3.2720989963920317
1900,376.2421256181624,133.61507597516737,9838.10539115292,3601.2901239790754,4.524170461419684,3.410717275384481
1901,373.1533098155646,133.6698956162478,9699.921158406047,3690.42140462016,4.902921458299144,3.313184295260025
1902,368.98210293939377,136.06344637001968,9844.469264109708,3703.1035402949733,4.839187680166158,3.438995750121509
1903,368.98210293939377,136.06344637001968,9844.469264109708,3703.1035402949733,4.839187680166158,3.438995750121509
1904,358.3374389188268,130.08247051056853,9998.683965353199,3997.0657011862586,4.426954604776908,4.316430459604699
1905,358.3374389188268,130.08247051056853,9998.683965353199,3997.0657011862586,4.426954604776908,4.316430459604699
1906,356.11092612464836,128.35162733031268,9947.53615664231,4758.176234222325,2.859399591618768,3.1557865559688247
1907,333.5750167389864,107.75683591257084,9931.043827651592,4802.723561792164,2.883973341206724,3.8346325283016807
1908,333.5750167389864,107.75683591257084,9931.043827651592,4802.723561792164,2.883973341206724,3.8346325283016807
1909,335.54580417157905,100.87397619972305,9930.002949750795,4698.394369277013,3.2958940413120335,3.6843463855356737
1910,335.54580417157905,100.87397619972305,9930.002949750795,4698.394369277013,3.2958940413120335,3.6843463855356737
1911,335.64171889923745,101.57125252368519,9698.54675613545,4781.411244262856,4.5284609905435795,3.719352034083095
1912,344.70639524042747,102.45613221516065,9683.691594988173,4850.765674073528,4.699801353625549,4.289019863970533
1913,332.9931163781759,100.3093463035156,9568.305135558405,4849.503531180253,4.813627008454256,4.47127219869351
1914,332.9931163781759,100.3093463035156,9568.305135558405,4849.503531180253,4.813627008454256,4.47127219869351
1915,332.9600044625755,99.0055586604987,9619.598485648969,4779.251616079087,4.648013309014598,4.679592301711443
1916,332.9600044625755,99.0055586604987,9619.598485648969,4779.251616079087,4.648013309014598,4.679592301711443
1917,332.9600044625755,99.0055586604987,9619.598485648969,4779.251616079087,4.648013309014598,4.679592301711443
1918,332.9600044625755,99.0055586604987,9619.598485648969,4779.251616079087,4.648013309014598,4.679592301711443
1919,338.7201645690818,93.08802735910464,9815.151181458985,4611.312558557616,4.612518380858933,4.3721919732943695
1920,338.7201645690818,93.08802735910464,9815.151181458985,4611.312558557616,4.612518380858933,4.3721919732943695
1921,331.3800452249362,92.63750820969318,9685.033472530933,4652.106345569243,4.532695187858975,4.632684586942686
1922,331.3788898333971,88.49002478374281,9864.442128054254,4724.099240978081,4.709400548160919,4.448192761685924
1923,334.5715235734312,92.4403949651032,9878.223501190241,4827.963088371285,4.977697121612111,4.525934402099393
1924,338.3379950685279,85.24212023529104,9783.316278229413,4899.8487918609635,4.696560779932577,4.740647780619997
1925,343.11570447107266,83.28698172173361,9739.024190959974,4866.6109248351095,4.5233889085728505,4.978963243980836
1926,343.11570447107266,83.28698172173361,9739.024190959974,4866.6109248351095,4.5233889085728505,4.978963243980836
1927,339.9177748589049,84.77008434380816,9799.095232666963,4742.365958556223,4.669488395020589,4.463729019527277
1928,336.9697953458882,89.3580726359627,9791.334648704647,4665.351117438794,4.811444338200386,4.731867725841381
1929,339.08007236259766,83.7330299011203,9722.79810009026,4428.370027640742,4.928760503050703,4.880927291885868
1930,343.90860763368136,81.07838722005519,9867.58827614057,4327.421159961002,4.898247461469471,4.787393344879365
1931,336.13228197620606,73.94192864900185,9303.49465643915,4344.500932167762,4.618730286256069,0.7182227148104652
1932,336.13228197620606,73.94192864900185,9303.49465643915,4344.500932167762,4.618730286256069,0.7182227148104652
1933,336.13228197620606,73.94192864900185,9303.49465643915,4344.500932167762,4.618730286256069,0.7182227148104652
1934,336.13228197620606,73.94192864900185,9303.49465643915,4344.500932167762,4.618730286256069,0.7182227148104652
1935,354.03701276905065,71.53526482913233,9703.875395955989,3925.821724222604,4.33711518304341,2.8571512594389965
1936,354.03701276905065,71.53526482913233,9703.875395955989,3925.821724222604,4.33711518304341,2.8571512594389965
1937,351.67242510081485,72.87214700956595,9950.838815077304,4069.161774472802,4.524588821885435,2.6673878844887557
1938,351.67242510081485,72.87214700956595,9950.838815077304,4069.161774472802,4.524588821885435,2.6673878844887557
1939,342.51080582683073,70.31308156694777,9802.422090920767,4177.841874220288,4.3343498159786416,2.852663342949282
1940,335.064360320553,70.68076286692408,9786.606989088781,4096.652499444239,4.075169146453424,2.802490063911127
1941,335.064360320553,70.68076286692408,9786.606989088781,4096.652499444239,4.075169146453424,2.802490063911127
1942,334.51643223298754,72.00997496937964,9946.38883343279,4192.083520752935,4.400100558323838,2.2621524123079406
1943,334.51643223298754,72.00997496937964,9946.38883343279,4192.083520752935,4.400100558323838,2.2621524123079406
1944,334.51643223298754,72.00997496937964,9946.38883343279,4192.083520752935,4.400100558323838,2.2621524123079406
1945,334.51643223298754,72.00997496937964,9946.38883343279,4192.083520752935,4.400100558323838,2.2621524123079406
1946,334.51643223298754,72.00997496937964,9946.38883343279,4192.083520752935,4.400100558323838,2.2621524123079406
1947,335.8521208210172,72.63777517467737,9868.963578205177,4244.535689409815,4.332168999002682,2.4252169561298813
1948,335.8521208210172,72.63777517467737,9868.963578205177,4244.535689409815,4.332168999002682,2.4252169561298813
1949,335.8521208210172,72.63777517467737,9868.963578205177,4244.535689409815,4.332168999002682,2.4252169561298813
1950,334.1813129046685,72.80619342451156,9800.360409023086,4251.680964634899,4.4012603769348,2.6657401161927634
1951,336.5708345929073,118.66024776152324,9623.56046042426,4059.534649263975,3.9917327214896954,4.495733658712512
1952,336.5708345929073,118.66024776152324,9623.56046042426,4059.534649263975,3.9917327214896954,4.495733658712512
1953,336.5708345929073,118.66024776152324,9623.56046042426,4059.534649263975,3.9917327214896954,4.495733658712512
1954,337.8902184777956,123.36699066296279,9527.592435331513,4026.274259078047,3.9771782911378577,4.526112247617676
1955,335.3053815668887,128.02924511824816,9481.80122679849,3935.130935227976,4.014485061392299,4.137404035452357
1956,335.3053815668887,128.02924511824816,9481.80122679849,3935.130935227976,4.014485061392299,4.137404035452357
1957,343.5557327694375,146.96639208891466,9666.697487059482,3094.2351035829533,2.593363873709506,4.5853885609302365
1958,336.4980265615849,145.14417351784067,9530.492662473811,3178.5181395371324,3.1791809612196262,4.7729656483845035
1959,336.4980265615849,145.14417351784067,9530.492662473811,3178.5181395371324,3.1791809612196262,4.7729656483845035
1960,336.4980265615849,145.14417351784067,9530.492662473811,3178.5181395371324,3.1791809612196262,4.7729656483845035
1961,336.4980265615849,145.14417351784067,9530.492662473811,3178.5181395371324,3.1791809612196262,4.7729656483845035
1962,342.7308097557363,141.30981066647306,9544.00864050648,3188.6100636482265,2.8936663361697526,4.6826435536301
1963,342.7308097557363,141.30981066647306,9544.00864050648,3188.6100636482265,2.8936663361697526,4.6826435536301
1964,340.5532325058274,132.13448485424976,9522.837803908693,3273.2736909111727,3.1194245076906775,4.612182726050443
1965,335.43846876887386,136.2685988003476,9499.385140653589,3211.652560964596,3.0768871236465967,4.304731433021728
1966,335.0127577205604,136.67040323366933,9412.401866162361,3256.0652239718333,2.9182949924388093,4.915078230238213
1967,331.55796466130323,142.51571241303765,9242.875614324526,3399.4449371950623,2.912651040285135,4.69075517941924
1968,331.55796466130323,142.51571241303765,9242.875614324526,3399.4449371950623,2.912651040285135,4.69075517941924
1969,337.9210262295705,132.50809281571225,9154.053307682389,3259.015303537043,2.691088906930308,4.665851825248397
1970,337.9210262295705,132.50809281571225,9154.053307682389,3259.015303537043,2.691088906930308,4.665851825248397
1971,337.9210262295705,132.50809281571225,9154.053307682389,3259.015303537043,2.691088906930308,4.665851825248397
1972,340.49408059909126,125.60441868723615,9139.593068608789,3302.587503219072,2.807382557589317,4.545022367629443
1973,341.7652763477376,130.77917766439936,9010.847311235151,3338.5803828131216,3.0942814879988094,4.573434583354929
1974,341.7652763477376,130.77917766439936,9010.847311235151,3338.5803828131216,3.0942814879988094,4.573434583354929
1975,341.7652763477376,130.77917766439936,9010.847311235151,3338.5803828131216,3.0942814879988094,4.573434583354929
1976,353.037660813106,127.41147091517865,9080.474936860803,3297.7958946566814,3.038596607014254,4.362838630607492
1977,345.7435425078061,132.77670250406103,9028.690197596457,3388.7183965051263,3.213242556814324,4.410370268368852
1978,362.89758606235307,90.09699802509346,9552.479066782806,3522.749814772123,2.6133607973911834,4.599004346023859
1979,375.14199207905216,99.05237355254641,9493.17729028639,3325.942523512584,2.316915717236101,4.357576942547474
1980,375.14199207905216,99.05237355254641,9493.17729028639,3325.942523512584,2.316915717236101,4.357576942547474
1981,375.14199207905216,99.05237355254641,9493.17729028639,3325.942523512584,2.316915717236101,4.357576942547474
1982,367.85550579826725,91.77844296805524,9614.10818321662,3342.2201438674833,2.6147035223750597,4.464316523366452
1983,369.5476323593165,95.95963478753909,9676.551118576346,3387.073810468785,2.7795562500053386,4.723077327710471
1984,366.7591255441024,101.68294835128319,9670.816898970563,3344.431911499902,2.7563629621547694,4.551598908677413
1985,369.9598843907382,99.49330966067924,9650.863268584379,3188.4412865451673,2.9437228915682954,4.40129587033659
1986,361.11735591253336,104.48971986773172,9368.375228595476,3115.6714862923095,2.7705812001383876,4.286484089164607
1987,361.11735591253336,104.48971986773172,9368.375228595476,3115.6714862923095,2.7705812001383876,4.286484089164607
1988,361.11735591253336,104.48971986773172,9368.375228595476,3115.6714862923095,2.7705812001383876,4.286484089164607
1989,361.11735591253336,104.48971986773172,9368.375228595476,3115.6714862923095,2.7705812001383876,4.286484089164607
1990,366.0741074479511,83.43570103718767,9334.75493109678,3255.6224329316256,1.5030275827264283,2.13696192075624
1991,366.0741074479511,83.43570103718767,9334.75493109678,3255.6224329316256,1.5030275827264283,2.13696192075624
1992,366.0741074479511,83.43570103718767,9334.75493109678,3255.6224329316256,1.5030275827264283,2.13696192075624
1993,384.4473261828857,82.69596403556093,9474.363830958851,3220.6260111062993,1.2231970052357144,2.2615330318653717
1994,380.67835080985253,79.28829509759595,9609.419450250893,3236.9361028667686,1.2781009828069483,2.0561532907372384
1995,387.0827642853967,83.62120711543784,9615.054240384368,3453.56472472681,1.0224855572442626,2.4211502867253953
1996,375.9406226216214,86.19271585423172,9778.00896959029,3464.2104015876102,1.2150440356975216,2.392058670902896
1997,349.72765153324275,71.39133764685297,9544.834813805066,3127.6929459691787,2.007936060437256,4.688030500984179
1998,360.0991638025912,70.9299660378403,9553.175954718288,3049.5033889890974,1.2469687154339169,4.683026707891896
1999,362.80517147625494,76.64809965490922,9638.421509358888,3146.5420687991914,1.6621476169519669,4.59368230579907
2000,402.4950375036758,112.94610768471873,9698.000348657724,4162.421989575668,2.859915288471152,1.3350652808047705
2001,387.8521731616767,126.20081834372367,9414.927093658573,3693.03580634299,1.5708391862465108,1.651912697720117
2002,390.72022839104983,112.11674247676211,9316.298127758131,3188.198849137227,2.704149708266579,1.7522039302791907
2003,402.7504161077442,111.46201998400394,9351.218479895035,3169.124024127086,2.742816741918179,1.9213781637119263
2004,405.2866482156145,119.83279541715294,9360.86121178577,3231.1584954858376,2.942857345083405,2.1643272238801905
2005,401.92221195959826,111.06269177451932,9239.976203391787,3271.185433943611,2.902948230916037,2.1283969086468457
2006,374.2062503437001,101.70129062654382,8957.920320720332,3224.776306611389,1.879218488270883,2.836041398724384
2007,369.00579213333856,117.04625124069739,8944.416269086494,3101.051229154208,1.7578615767091914,2.4185423600127103
2008,371.0899876116835,116.65086757067158,8982.466640652741,3050.9593879116437,1.326610176370273,2.730105374995469
2009,385.8082347508653,118.48074970811706,9276.027781652629,3304.633494861277,2.0075900962154947,1.2167510416267748
2010,385.8082347508653,118.48074970811706,9276.027781652629,3304.633494861277,2.0075900962154947,1.2167510416267748
2011,386.6471817510319,122.95847757117735,9092.065791390714,3287.6164133155785,2.0048225829784627,1.3366711870691714
2012,400.8656632081497,128.67866536835336,9119.084560291993,3688.523824857558,0.6798343525907387,3.1051867474980304
2013,379.7445115749528,130.5599686521216,9090.68094941409,3424.18809339494,2.728573633589876,3.269096803440528
2014,385.8319146533439,131.916459740685,8926.189171494161,3400.1065886651963,2.9600390180247182,3.271260447217814
2015,360.9286509003251,127.54775721510251,9298.350600979278,3760.242539667264,2.528467700676196,1.257248898482826
2016,358.91120342463597,128.64215509593606,9089.618536576863,3941.4317785419407,2.6741009608515984,0.936047856617666
2017,377.8097111709242,118.3912776971934,9440.279968816429,3443.60443217015,3.0267479825924632,0.36137220042443585
2018,382.0813965078592,115.1670945796107,9430.301037323821,3167.7288151749976,3.094665168933558,0.32141293367363183
2019,384.06744267132177,115.90936410145996,9395.968678901787,3254.7475125537107,2.946802490759828,0.32671565923665347
2020,370.94799004544996,90.7276363552698,8880.723477151258,3263.78807275298,3.2847093992673364,0.7020180578409473
2021,384.2143602082407,84.44834638995782,8845.260335302588,3261.392614459276,3.7634322831234512,0.4887160961319714
2022,380.90765213426573,77.88176023243913,8830.884930244018,3202.1356660518213,3.6416406832806065,0.7425239306705725
2023,376.5563982056957,81.14428128265314,8757.86223406695,3147.5340201627037,3.5934681062213163,1.1503142366646746
2024,378.60990437946145,88.89208268200626,8657.24935205985,3198.6781158624394,3.512561308667441,0.8762909127843148
2025,378.60990437946145,88.89208268200626,8657.24935205985,3198.6781158624394,3.512561308667441,0.8762909127843148
2026,335.5121288372342,79.14059032128556,8107.476210219825,3417.534790018591,2.7901296402000684,3.5986857384412567
2027,336.1028431067223,82.53216182362705,8096.800832692964,3562.9286799027664,2.3059626684064796,3.4976571985160625
2028,336.1028431067223,82.53216182362705,8096.800832692964,3562.9286799027664,2.3059626684064796,3.4976571985160625
2029,336.1028431067223,82.53216182362705,8096.800832692964,3562.9286799027664,2.3059626684064796,3.4976571985160625
2030,336.80224793288875,80.34242714333031,8302.15053715567,3564.328345805271,2.2795171522099094,3.3478740199927235
2031,335.914273071051,82.24795892368495,8190.003229303907,3632.3356181155445,2.5061831089354327,3.3192358920628613
2032,342.1464677279436,83.86632907844194,8305.523572329468,3557.5498538155794,2.5500254588148215,3.3450681478593154
2033,358.9992532867154,76.58507185977597,8735.660064389547,3090.078967627646,2.083614541783576,3.9139975791864163
2034,355.4380722733199,78.14118572380576,8616.793709474268,3062.519719602232,2.0730152312177483,4.148022723231876
2035,355.4380722733199,78.14118572380576,8616.793709474268,3062.519719602232,2.0730152312177483,4.148022723231876
2036,355.4380722733199,78.14118572380576,8616.793709474268,3062.519719602232,2.0730152312177483,4.148022723231876
2037,355.4380722733199,78.14118572380576,8616.793709474268,3062.519719602232,2.0730152312177483,4.148022723231876
2038,350.3047272754857,79.79502446603536,8707.170944588375,3175.9281047922727,1.8612766933129217,4.195111085455223
2039,373.45309160901877,101.57398000930002,8886.436540395016,3294.004508599293,2.52606031031924,2.9991548481640047
2040,368.46021946972996,100.13054587783601,8845.738813092737,3296.0688774048986,2.348986301559738,3.1450257595003555
2041,357.4797954550472,106.11002766772324,8849.90047817398,3179.0469985711984,2.6168154143924163,3.704566741168
2042,344.9752582819689,77.60850094279886,8390.116588231327,3049.355881845683,1.7110069277932582,3.2160250055741058
2043,342.35851577817715,80.69500998343459,8498.508427811212,3055.776136929092,1.7417393695813734,2.923914947624062
2044,338.63136340977957,78.72672477404109,8556.708252305914,3069.426076916501,1.3711770917337693,3.2014651899630273
2045,337.117451988441,80.79251137790064,8732.493097203369,3171.59038776672,1.5317020769298797,3.3223396858143226
2046,339.02844389812935,85.8810360540011,8726.100719308115,3293.2937828643376,1.3767639553941662,3.305055841451451
2047,339.02844389812935,85.8810360540011,8726.100719308115,3293.2937828643376,1.3767639553941662,3.305055841451451
2048,334.005630815928,87.21219105140987,8641.010914435592,3474.932923377609,0.37226047462986944,0.35641140186971054
2049,334.005630815928,87.21219105140987,8641.010914435592,3474.932923377609,0.37226047462986944,0.35641140186971054
2050,334.005630815928,87.21219105140987,8641.010914435592,3474.932923377609,0.37226047462986944,0.35641140186971054
2051,333.602855673891,93.4002938109992,8541.117724603531,3235.5209942376882,0.3352072615112162,0.7670967316684834
2052,331.0186925903562,95.99186856026449,8518.570996445336,3045.1446688206565,0.2964577634363258,1.5081415903678996
2053,331.0186925903562,95.99186856026449,8518.570996445336,3045.1446688206565,0.2964577634363258,1.5081415903678996
2054,331.0186925903562,95.99186856026449,8518.570996445336,3045.1446688206565,0.2964577634363258,1.5081415903678996
2055,331.0186925903562,95.99186856026449,8518.570996445336,3045.1446688206565,0.2964577634363258,1.5081415903678996
2056,331.0186925903562,95.99186856026449,8518.570996445336,3045.1446688206565,0.2964577634363258,1.5081415903678996
2057,331.0186925903562,95.99186856026449,8518.570996445336,3045.1446688206565,0.2964577634363258,1.5081415903678996
2058,331.0186925903562,95.99186856026449,8518.570996445336,3045.1446688206565,0.2964577634363258,1.5081415903678996
2059,331.0186925903562,95.99186856026449,8518.570996445336,3045.1446688206565,0.2964577634363258,1.5081415903678996
2060,331.0186925903562,95.99186856026449,8518.570996445336,3045.1446688206565,0.2964577634363258,1.5081415903678996
2061,331.0186925903562,95.99186856026449,8518.570996445336,3045.1446688206565,0.2964577634363258,1.5081415903678996
2062,331.12200303798716,91.89571136194974,8498.57404983441,3209.61085564871,0.41028793642196304,1.2818907508056852
2063,331.12200303798716,91.89571136194974,8498.57404983441,3209.61085564871,0.41028793642196304,1.2818907508056852
2064,330.0542626226536,89.93792127597781,8350.649277685907,3195.536457810022,0.47376583124277816,1.2830848315175174
2065,330.0542626226536,89.93792127597781,8350.649277685907,3195.536457810022,0.47376583124277816,1.2830848315175174
2066,385.44393629081236,86.62025279086768,8805.988207180571,3238.6105847016975,0.24347634507537633,1.4504170074353941
2067,385.44393629081236,86.62025279086768,8805.988207180571,3238.6105847016975,0.24347634507537633,1.4504170074353941
2068,362.4143191582437,96.30365962781761,8791.51620343878,3073.534403186599,0.3592427077235971,1.8219671995659468
2069,363.11390900242594,96.95488337528096,8823.475339064362,3170.7847321830823,0.4737005053594002,1.871701458533856
2070,364.1517187907938,100.46553705685558,8914.86356029105,3171.9645191989043,0.26319048752746077,1.475666001591463
2071,364.1517187907938,100.46553705685558,8914.86356029105,3171.9645191989043,0.26319048752746077,1.475666001591463
2072,366.4495402227726,103.68788741623989,8964.664069123959,3098.6318700788265,0.21586115686136284,1.6689533647889336
2073,359.49311211779894,102.58649429559267,8931.657582424425,3194.656761103784,0.7475845985746928,1.6986721351001501
2074,362.63440327059715,97.54235749084104,8937.328531790143,3184.6127308299947,1.0203750713986648,1.7079521348672055
2075,360.3284944687602,108.58634605658142,9044.619373210116,3560.470525548825,2.6466319751511906,2.0620873790695073
2076,383.8871484136796,96.26773428692549,9150.191486053367,4491.576798135886,2.578278725589406,1.1778777472232544
2077,383.8871484136796,96.26773428692549,9150.191486053367,4491.576798135886,2.578278725589406,1.1778777472232544
2078,374.58033973397767,98.1690516238881,9002.602989655703,4485.295680084414,2.2314917046244487,1.0374118797981204
2079,376.46698180370566,77.635414755975,9468.338172223368,4553.359630499163,4.207844905955821,0.7197579189938099
2080,376.46698180370566,77.635414755975,9468.338172223368,4553.359630499163,4.207844905955821,0.7197579189938099
2081,376.46698180370566,77.635414755975,9468.338172223368,4553.359630499163,4.207844905955821,0.7197579189938099
2082,377.5498276597255,80.7663942443483,9510.801756298608,4633.662498966527,4.447998150793997,1.1040934581839408
2083,377.7154480438164,74.79033232802793,9583.201504588666,4753.499096176088,4.613601166039593,1.086171940512331
2084,377.7154480438164,74.79033232802793,9583.201504588666,4753.499096176088,4.613601166039593,1.086171940512331
2085,368.07722869018187,84.00585605810693,9498.419172087699,4889.5999915513075,4.2151427323727875,0.44025912842392034
2086,368.07722869018187,84.00585605810693,9498.419172087699,4889.5999915513075,4.2151427323727875,0.44025912842392034
2087,363.4425831765549,79.71206653351487,9696.579261462553,4957.052985157961,3.7161363426593783,0.2311041212924707
2088,369.76667448383955,93.55212832920077,9974.638245611248,4317.067725047726,1.7926966256736347,1.1437088429292745
2089,369.76667448383955,93.55212832920077,9974.638245611248,4317.067725047726,1.7926966256736347,1.1437088429292745
2090,371.2214434065725,91.84941448462999,9975.89700928233,4549.542139402087,1.5867336699586947,1.0053411613651522
2091,371.2214434065725,91.84941448462999,9975.89700928233,4549.542139402087,1.5867336699586947,1.0053411613651522
2092,371.2214434065725,91.84941448462999,9975.89700928233,4549.542139402087,1.5867336699586947,1.0053411613651522
2093,371.2214434065725,91.84941448462999,9975.89700928233,4549.542139402087,1.5867336699586947,1.0053411613651522
2094,361.80190746007156,96.55487162513069,9913.83837393587,4724.741045096393,1.706643139766275,0.9828577321028225
2095,355.90833457049547,93.28038934988037,9735.598274434498,4691.12601607722,1.7405682390219663,1.0334801333697667
2096,350.4198117356752,93.83845136349223,9716.36676415211,4661.867481041197,1.7291459043118995,1.3574414591890014
2097,350.4198117356752,93.83845136349223,9716.36676415211,4661.867481041197,1.7291459043118995,1.3574414591890014
2098,359.5399327497597,93.10803005400663,9617.922547961267,4880.64530250494,1.8570511564557148,0.8434011688703321
2099,390.61191011687424,78.85090081018377,9677.286572235087,4986.9016412455185,2.432214954244244,3.6652675135013917
2100,389.7623066987165,78.14247541913083,9653.736008673843,4911.493577955652,2.7409233664421353,3.8050153939972424
2101,389.7873577830319,81.90558754221131,9681.59982759572,4912.697949073377,2.119961633704084,3.93140629563788
2102,392.0939673599806,84.82743616720279,9690.14100460525,4908.634280623698,2.1345393149068514,3.8373434980979995
2103,394.3257565959458,88.6678082640738,9633.901645611457,4851.3541867101885,1.9641549581639137,3.9734961004699922
2104,394.77559226738845,93.45876368520607,9737.142994506255,4851.234070567965,1.9137804398726028,3.584125601851798
2105,365.07581771348237,112.43372458794451,9713.60349887937,4486.861904936901,2.40543339072119,2.870162146265466
2106,366.7614710763329,114.80172464590893,9764.682050656847,4437.384229769484,2.1982858423615625,3.2053204637353603
2107,369.2466571532769,110.66728033077283,9767.437238464783,4476.173678279582,2.3207145601185997,2.9693959493353463
2108,367.5397271563321,111.27420012306717,9782.734386963959,4363.337187711932,2.7441396010243495,2.51921735921228
2109,369.4257594867123,88.60672547853265,9832.383377913618,3953.749762785716,3.571850266897417,3.5883903007621347
2110,364.35266918842564,85.4776590726376,9733.986175728574,4140.751092866134,3.952522764753091,4.020462819796435
2111,359.74428635293907,87.39472549934372,9752.861575674038,4080.5538155931154,3.6757858037524542,4.467966152619536
2112,364.2858999530408,87.37221433707465,9759.120275291412,4062.2913514475135,3.657812230084718,4.130056968331072
2113,376.521572538467,84.18018717265784,9760.404616061061,4104.846527363119,3.7043800275772667,4.14724973656871
2114,376.521572538467,84.18018717265784,9760.404616061061,4104.846527363119,3.7043800275772667,4.14724973656871
2115,368.13771715001303,83.36904810088146,9789.300843184315,4158.226150749372,3.6503458428386084,3.8903803792084464
2116,372.3202282220446,85.8572096079501,9835.846811297703,4233.548923342976,4.041596832132579,3.806110031059001
2117,369.2311651108152,92.9335688995746,9736.885043543203,4336.622621791772,4.133254140169955,3.481125945611302
2118,366.5876149868806,98.90306124517068,9762.150502839995,4326.920726110231,4.304073308272364,3.248741159206352
2119,366.5876149868806,98.90306124517068,9762.150502839995,4326.920726110231,4.304073308272364,3.248741159206352
2120,368.2546852980568,98.40348752489895,9865.542539036212,4380.942846272957,4.571612113379041,3.2024321430481995
2121,373.8268429992399,95.64214573556708,9797.745926666532,4253.32104284977,4.845475771795202,2.8840578208823353
2122,373.8268429992399,95.64214573556708,9797.745926666532,4253.32104284977,4.845475771795202,2.8840578208823353
2123,351.61420382839935,89.5518442368927,9922.912234974492,3933.871257244757,4.637493339137421,3.6841076245883477
2124,351.61420382839935,89.5518442368927,9922.912234974492,3933.871257244757,4.637493339137421,3.6841076245883477
2125,351.61420382839935,89.5518442368927,9922.912234974492,3933.871257244757,4.637493339137421,3.6841076245883477
2126,349.26553885714685,84.3215161414488,9796.057841912423,3814.8429545321014,4.826099147262694,3.992488349036168
2127,348.8405933516969,78.82750858191719,9836.854605041346,3871.590316912298,4.801066625621754,3.9866748154684815
2128,354.79914088917155,76.42593626686562,9741.97510169511,3868.043970311722,4.6675041328624065,4.2832157121148215
2129,354.79914088917155,76.42593626686562,9741.97510169511,3868.043970311722,4.6675041328624065,4.2832157121148215
2130,366.83323467643766,71.07716980399088,9829.86772881852,3784.1821086747045,4.645770756491627,4.366045965148467
2131,378.8857393802878,70.70682338107162,9658.120621248076,3528.6708965972216,3.862084259333854,3.406390166285631
2132,378.8857393802878,70.70682338107162,9658.120621248076,3528.6708965972216,3.862084259333854,3.406390166285631
2133,378.8857393802878,70.70682338107162,9658.120621248076,3528.6708965972216,3.862084259333854,3.406390166285631
2134,378.8857393802878,70.70682338107162,9658.120621248076,3528.6708965972216,3.862084259333854,3.406390166285631
2135,378.8857393802878,70.70682338107162,9658.120621248076,3528.6708965972216,3.862084259333854,3.406390166285631
2136,379.46682907372696,73.12370218388854,9722.569262468765,3506.8792395430496,4.1734175712250465,3.293164505249308
2137,400.48812054673925,77.38564499164531,9981.678151705242,3223.6419120560063,4.543923713552683,3.931130098993402
2138,405.50088331992356,79.62765860690858,9760.149915241545,3245.7462795811407,4.980950077198661,3.826059798741037
2139,405.50088331992356,79.62765860690858,9760.149915241545,3245.7462795811407,4.980950077198661,3.826059798741037
2140,398.367992432099,83.14316353193368,9709.710708161632,3159.9645903362775,4.786477757537192,3.757960877437785
2141,393.9137610622645,84.78328300947797,9766.9614140421,3408.4833587177395,4.518173454420325,4.133680328191868
2142,398.562219253855,93.5801653010057,9699.99786515666,3393.240982181948,4.473475881236386,4.211630201233628
2143,398.562219253855,93.5801653010057,9699.99786515666,3393.240982181948,4.473475881236386,4.211630201233628
2144,407.4606038891617,96.11431092772266,9695.105419000964,3394.2820341668603,4.621995678148173,4.967268433767489
2145,405.0017095870695,97.96820864251085,9811.72764300032,3385.7665104578987,4.4975939947036565,4.603811936418976
2146,406.84771583989095,93.90057361643971,9936.852091572826,3171.6665956557704,2.3491762325187593,1.7619373732364452
2147,406.84771583989095,93.90057361643971,9936.852091572826,3171.6665956557704,2.3491762325187593,1.7619373732364452
2148,399.8858314257458,89.62037727999547,9884.05186331082,3141.4383590064167,2.5538440163919787,1.7958316773723177
2149,399.8858314257458,89.62037727999547,9884.05186331082,3141.4383590064167,2.5538440163919787,1.7958316773723177
2150,378.89271596696415,101.2510047550943,9994.88723809332,3065.9987291118737,0.4175901351260709,1.2867732834347172
2151,378.89271596696415,101.2510047550943,9994.88723809332,3065.9987291118737,0.4175901351260709,1.2867732834347172
2152,378.89271596696415,101.2510047550943,9994.88723809332,3065.9987291118737,0.4175901351260709,1.2867732834347172
2153,378.89271596696415,101.2510047550943,9994.88723809332,3065.9987291118737,0.4175901351260709,1.2867732834347172
2154,378.89271596696415,101.2510047550943,9994.88723809332,3065.9987291118737,0.4175901351260709,1.2867732834347172
2155,378.89271596696415,101.2510047550943,9994.88723809332,3065.9987291118737,0.4175901351260709,1.2867732834347172
2156,381.7916178252264,102.96712974809338,9968.78084464261,3232.8289036304873,0.25354855221118244,1.0791438321327662
2157,414.03437226698884,103.7316745731932,9309.912352465555,3366.9419261266544,3.498377416269856,1.2246600159949486
2158,414.9165367549683,79.27160121363795,9862.707006534434,3688.014456271618,3.579494058141146,1.390117791747012
2159,414.9165367549683,79.27160121363795,9862.707006534434,3688.014456271618,3.579494058141146,1.390117791747012
2160,415.13333528875626,78.06024400608638,9725.648263777082,3887.450991604318,3.7708827318613647,1.5499341134352131
2161,426.37239666325473,74.88711974704812,9810.900986072062,3719.9649342491016,3.5473437476242924,1.554342770906649
2162,421.01696240546966,77.04133115698377,9807.665826570159,3676.021682881127,3.34394619586566,1.5978576037163532
2163,420.30632191820024,73.26869649270327,9831.341949143898,3720.1658895526484,3.2627751948228343,1.5159291293951498
2164,375.76070817681153,95.79573230328086,9284.355665992352,3865.6501475210143,4.046680036077352,1.193650772227654
2165,378.38907561612655,87.240149704821,9293.886789606935,3808.4475453576306,4.48858531328124,1.6243566954386948
2166,378.38907561612655,87.240149704821,9293.886789606935,3808.4475453576306,4.48858531328124,1.6243566954386948
2167,381.8176523647011,88.05836948889046,9492.032385268745,3760.312945130313,4.206030402376511,1.4192747872370453
2168,371.3735579118091,97.97310725402221,9921.613849833411,3164.7996454067197,3.034077071429729,0.3655653864080025
2169,375.5671610616798,95.92963437058208,9986.155757986402,3223.5468575179843,2.6447307610990793,0.25909670680275687
2170,368.06682667216927,93.95707648539141,9802.900574598541,3150.560949979658,2.6316572948272565,0.6684691603569062
2171,372.4539091072518,93.70061767666232,9669.665569947338,3009.395966042533,2.8093809045762876,0.5303312761395956
2172,372.4539091072518,93.70061767666232,9669.665569947338,3009.395966042533,2.8093809045762876,0.5303312761395956
2173,372.4539091072518,93.70061767666232,9669.665569947338,3009.395966042533,2.8093809045762876,0.5303312761395956
2174,372.4539091072518,93.70061767666232,9669.665569947338,3009.395966042533,2.8093809045762876,0.5303312761395956
2175,372.4539091072518,93.70061767666232,9669.665569947338,3009.395966042533,2.8093809045762876,0.5303312761395956
2176,371.1782125792663,99.53680580067643,9572.25206213475,3134.657352324175,2.846833114748355,0.465667428798616
2177,375.53914739770335,99.72399308480959,9492.270136907377,3215.218914055063,3.075507437260256,0.4378694697986527
2178,375.53914739770335,99.72399308480959,9492.270136907377,3215.218914055063,3.075507437260256,0.4378694697986527
2179,385.14531445150243,94.35691232509882,9505.200153781596,3256.3798588502978,3.0020012582051248,0.23633084223058615
2180,385.14531445150243,94.35691232509882,9505.200153781596,3256.3798588502978,3.0020012582051248,0.23633084223058615
2181,380.1449168722968,94.18168282564895,9548.800126827926,3326.0158426559606,2.959299083007254,0.5129433872513672
2182,380.1449168722968,94.18168282564895,9548.800126827926,3326.0158426559606,2.959299083007254,0.5129433872513672
2183,372.4455023829529,95.60069936172886,9642.27295677312,3359.1274271864213,2.838919217058725,0.43537806713316884
2184,372.4123429359649,93.96174391507343,9549.449059149678,3299.1169419123353,2.955429082133257,0.29480529147443413
2185,367.9094827740058,96.93128056131097,9393.58299512878,3261.4286339644714,2.5279310231740952,0.47693393218959756
2186,361.7913427409276,94.69109691023219,9354.340480294457,3104.943700579921,2.2676794083462264,0.2629713652277284
2187,361.7913427409276,94.69109691023219,9354.340480294457,3104.943700579921,2.2676794083462264,0.2629713652277284
2188,358.5716227291444,91.79410831752044,9350.904039482903,3013.683576802371,2.1380880136362075,0.1931221379867347
2189,358.5716227291444,91.79410831752044,9350.904039482903,3013.683576802371,2.1380880136362075,0.1931221379867347
2190,358.5716227291444,91.79410831752044,9350.904039482903,3013.683576802371,2.1380880136362075,0.1931221379867347
2191,358.5716227291444,91.79410831752044,9350.904039482903,3013.683576802371,2.1380880136362075,0.1931221379867347
2192,358.5716227291444,91.79410831752044,9350.904039482903,3013.683576802371,2.1380880136362075,0.1931221379867347
2193,358.5716227291444,91.79410831752044,9350.904039482903,3013.683576802371,2.1380880136362075,0.1931221379867347
2194,358.5716227291444,91.79410831752044,9350.904039482903,3013.683576802371,2.1380880136362075,0.1931221379867347
2195,369.84185687190853,92.2075976571487,9373.880687136487,3228.1732994435783,2.0013582397575447,0.3199170474546112
2196,373.1583642727464,95.36313060530554,9388.474367985938,3240.9482046810804,0.2781412886180292,0.8572352762475612
2197,375.70061601548593,90.93313499745736,9486.712350513451,3386.4873616284913,0.15064448829711335,1.1615092578571997
2198,384.6917026439517,88.94095787190062,9364.643425984354,3268.517387504417,0.13610805592228808,1.422198389464128
2199,373.77390497830226,89.2826272609931,9266.447295549953,3159.021110514308,0.16551596894795584,1.4955689519216089
2200,360.063943067269,84.33484755418422,9169.309396053279,3314.222052243371,0.3768002534847861,1.5979220344245018
2201,361.3703832313549,92.17968843066967,9451.855312742086,3408.082739804975,0.3074316899292491,0.5181866786142449
2202,358.6110354260047,89.10310824469859,9335.951069269986,3380.581391999419,0.9371366291461358,0.5010887189245994
2203,354.4842658590912,93.66222041006648,9207.44549051308,3338.6510228565758,1.2237805201392475,0.8005517253120297
2204,354.4842658590912,93.66222041006648,9207.44549051308,3338.6510228565758,1.2237805201392475,0.8005517253120297
2205,347.79255698733095,97.04104109420422,9150.051790917638,3301.1500323907408,1.3326186928654091,0.9096802330971682
2206,353.2467924493368,93.18571731132883,9020.136707348309,3161.19073721948,0.9176142604313722,0.9120052175177957
2207,353.2467924493368,93.18571731132883,9020.136707348309,3161.19073721948,0.9176142604313722,0.9120052175177957
2208,354.4085202886828,96.2121648995033,9404.115486795159,3112.1973388707206,0.7891941723793561,2.0029310492043435
2209,364.2558168908296,85.80244906230807,9228.65243830682,3181.260507439378,1.136838529004179,3.3313528661862297
2210,361.83804826203243,91.0284010519159,9326.391977016872,3066.131481198063,1.1358176074125519,3.1934435202024147
2211,360.93420968792674,94.18023977618725,9316.616252321242,3006.6208642157276,0.6325656745069047,3.485450737952466
2212,366.22977044733653,91.16385722055706,9380.862207122116,3043.1318668460176,0.37537969886071776,3.4471815547260825
2213,366.22977044733653,91.16385722055706,9380.862207122116,3043.1318668460176,0.37537969886071776,3.4471815547260825
2214,370.73234706246814,93.5534393780438,9470.65305399598,3098.8364498819424,0.4502437390582531,3.548008209408931
2215,372.8768487532751,95.64568894495395,9421.55891420146,3281.988150480813,0.36500046182391177,3.6139927680164896
2216,372.8768487532751,95.64568894495395,9421.55891420146,3281.988150480813,0.36500046182391177,3.6139927680164896
2217,372.8768487532751,95.64568894495395,9421.55891420146,3281.988150480813,0.36500046182391177,3.6139927680164896
2218,383.2542187762244,82.10361835159982,9313.944352393431,3548.617340420651,0.2615630852599261,1.5413854044534299
2219,377.765652090623,82.190187414033,9170.76521687377,3504.591907365395,0.13677317791694454,1.6310825156979196
2220,378.6441156127155,80.60569898976229,9056.798649303615,3558.070605138251,0.10438754200494747,1.5719127188108903
2221,380.19893484787275,89.74897060087746,9031.82107347367,3615.774818618165,0.2899223451574948,1.5557409062512633
2222,359.7214416202385,107.91010796247102,8899.49737756095,3514.4017803988254,2.4335156786964327,1.3652117223829487
2223,351.10551895152014,110.04034726563586,8753.794601091602,3597.3530361537323,2.4321457719217046,1.05742335612541
2224,351.10551895152014,110.04034726563586,8753.794601091602,3597.3530361537323,2.4321457719217046,1.05742335612541
2225,351.49681971213306,114.18793248420369,8563.544133362486,3757.2032077502035,2.2177751249424293,0.585753628309767
2226,353.666473913092,117.79246606074503,9375.16977300245,3803.619482376965,1.824953345514851,0.12175283561857589
2227,353.666473913092,117.79246606074503,9375.16977300245,3803.619482376965,1.824953345514851,0.12175283561857589
2228,353.666473913092,117.79246606074503,9375.16977300245,3803.619482376965,1.824953345514851,0.12175283561857589
2229,351.63085031707493,110.2981636442106,8944.864953004171,3596.2679001067254,1.8523357768558941,1.0294160995387585
2230,366.7871625002683,114.96614042687085,9150.364622773255,3243.9777779855353,1.3123818215357244,0.5774316098675042
2231,361.1524460538549,116.51436389887202,9150.761365253822,3074.4104647040604,1.2164220982217253,0.6106004072521859
2232,334.87208537038345,105.87745055030356,8660.291648581919,3165.643411788659,0.4829986425851268,0.24561515285882513
2233,334.87208537038345,105.87745055030356,8660.291648581919,3165.643411788659,0.4829986425851268,0.24561515285882513
2234,337.3048760729482,105.0226478004484,8702.442018190897,3261.0310410207776,0.8704254122770941,0.5425616965900107
2235,351.91530741477885,99.3314042750999,8820.315536643428,3177.7105318045697,1.2140208339121208,0.7395462554043861
2236,344.9437331384674,113.26967050783371,9247.548029718244,3132.1156049468973,0.2086939571294676,0.3987363608020279
2237,342.3786913393238,116.31841653209003,9347.150050183887,3227.8495644854547,0.1583004506346053,0.7461537719859647
2238,342.3786913393238,116.31841653209003,9347.150050183887,3227.8495644854547,0.1583004506346053,0.7461537719859647
2239,344.1357419403036,114.8194457567721,9344.488756362323,3342.198647128739,0.11394190524963407,0.404540555863785
2240,344.1357419403036,114.8194457567721,9344.488756362323,3342.198647128739,0.11394190524963407,0.404540555863785
2241,348.35211203649976,114.29753461276579,9310.472315667714,3382.973146895011,0.31220717267154036,0.5018111432755779
2242,344.0833197945001,116.38727740249249,9248.459008075264,3387.585955101406,0.4970349381448853,0.6588366616840801
2243,337.75182744890225,101.99573386312156,9281.105743547512,3000.3336351209064,0.8421021904647406,0.874649274361147
2244,337.75182744890225,101.99573386312156,9281.105743547512,3000.3336351209064,0.8421021904647406,0.874649274361147
2245,337.75182744890225,101.99573386312156,9281.105743547512,3000.3336351209064,0.8421021904647406,0.874649274361147
2246,337.61448178377185,96.59210050720662,9371.59372441772,3006.363929989568,0.47953196438379164,0.8561057794426389
2247,339.925446127436,100.77437072326063,9400.276657200415,3062.802718963031,0.2482107499359205,1.3062634954513417
2248,333.7534246661358,104.37622881010671,9316.956394848774,3069.4761823997737,0.5758307572501695,0.879200725614
2249,331.66299230592676,106.62387711540873,9162.221448002354,3078.0585722107617,0.2691946466722318,0.8148868477324605
2250,331.66299230592676,106.62387711540873,9162.221448002354,3078.0585722107617,0.2691946466722318,0.8148868477324605
2251,337.41626978418395,104.77030214283015,9280.429000629583,3041.8865812169774,0.2591646918003791,0.9520931722976881
2252,337.41626978418395,104.77030214283015,9280.429000629583,3041.8865812169774,0.2591646918003791,0.9520931722976881
2253,337.41626978418395,104.77030214283015,9280.429000629583,3041.8865812169774,0.2591646918003791,0.9520931722976881
2254,336.2139520196285,106.48476285452924,9287.823591871787,3082.2708787780757,0.2746388398547432,0.8092277011193713
2255,336.2139520196285,106.48476285452924,9287.823591871787,3082.2708787780757,0.2746388398547432,0.8092277011193713
2256,332.2446687475492,111.38305735381678,9204.2177308062,3092.77772212519,0.32681700141995684,0.975814589339963
2257,332.2446687475492,111.38305735381678,9204.2177308062,3092.77772212519,0.32681700141995684,0.975814589339963
2258,332.70654009303934,114.16061435621658,9290.782365430614,3135.732691322405,0.4780873301602946,0.7091178301883378
2259,336.9773594546538,115.93256653157357,9149.308962702076,3197.4458073712217,0.890039860229366,0.35544849543662915
2260,377.01029645648254,90.79052753958096,9084.733598925692,3967.285575469645,3.0587683992693084,1.7411021857289037
2261,380.09381589817684,85.61272902559185,9206.19371377321,3920.8442502841167,3.3409472411381445,1.8643078337032446
2262,389.24036684708636,84.3959431850954,9265.337594541492,3991.788956063377,3.1932594316828204,1.8285883970479335
2263,397.9417241573382,83.24745017558072,9340.743705134231,4078.926421659641,3.082125702290964,1.782766587604972
2264,397.9417241573382,83.24745017558072,9340.743705134231,4078.926421659641,3.082125702290964,1.782766587604972
2265,397.9417241573382,83.24745017558072,9340.743705134231,4078.926421659641,3.082125702290964,1.782766587604972
2266,391.5643055815604,87.09908105228182,9335.400852541514,4005.43923909076,3.114368027353822,1.5962691259924806
2267,351.0004141437657,82.96731568479595,9576.005174336395,3809.462517578253,2.4752239233193754,0.31081792149579335
2268,351.0004141437657,82.96731568479595,9576.005174336395,3809.462517578253,2.4752239233193754,0.31081792149579335
2269,343.3435736418785,76.78314627891899,9630.669063572488,3722.08034859935,2.7398538146294436,0.44128264288062813
2270,334.4308721250454,79.35586697664719,9466.664184865405,3682.652904012846,2.7101962177024395,0.8160296669556636
2271,338.982863041879,73.5964049165442,9464.895802375288,3620.035429754341,2.768854632711051,1.0999157146982363
2272,340.45534027958325,105.2518126625559,9041.769600340755,3666.6072521038395,3.8696692736748854,0.3505016273652851
2273,340.45534027958325,105.2518126625559,9041.769600340755,3666.6072521038395,3.8696692736748854,0.3505016273652851
2274,340.45534027958325,105.2518126625559,9041.769600340755,3666.6072521038395,3.8696692736748854,0.3505016273652851
2275,339.37122956188404,80.20726478890961,9800.321679244946,3720.3178016610655,3.9186138416582885,0.20947127609436417
2276,342.8049574910777,85.57591098553614,9650.792967692378,3665.6730696180553,4.115094104787745,0.5156508698052075
2277,346.3878001285157,83.24689272676746,9610.13972169777,3728.535255653911,3.5340738391767363,1.0011635963513097
2278,348.20251729213686,85.29052454754465,9595.05080810777,3653.898953476092,3.3384995562929247,0.9360223393199236
2279,342.0749013906135,91.91101351785552,9698.658733901375,3461.905937999588,3.280029429821073,1.5443783780774272
2280,388.89680749806354,112.7347517225005,9467.038354092145,3777.029830125026,3.403803105474956,2.0315402675489835
2281,373.8620349883637,127.63786906864706,9557.000852017127,3427.260790993382,2.1229588941812376,0.29497334621515503
2282,373.2665412394904,124.48626016199925,9437.061713496072,3459.20684799788,1.4647910523325463,0.28298475001539103
2283,373.2665412394904,124.48626016199925,9437.061713496072,3459.20684799788,1.4647910523325463,0.28298475001539103
2284,373.2665412394904,124.48626016199925,9437.061713496072,3459.20684799788,1.4647910523325463,0.28298475001539103
2285,380.65279819597447,119.5556609385111,9594.465082149905,3461.492050208561,1.3690172416387878,0.5905692472547698
2286,376.74917398003265,120.06617333865661,9589.251989426815,3295.7240806361197,1.1715409790373155,0.6501057217945192
2287,378.25970195998997,125.11383780605053,9602.352982249155,3442.095749628358,1.4432801707479643,0.5917946702697512
2288,352.93683997611083,130.38503472127098,9846.05240359741,3732.6446699130747,0.48455984665665275,1.7238157734600035
2289,339.71567673356265,114.5851975689179,9153.678537818907,4016.8792947937905,2.298383789302367,2.744863504724627
2290,339.71567673356265,114.5851975689179,9153.678537818907,4016.8792947937905,2.298383789302367,2.744863504724627
2291,362.0322345757579,135.07348563172323,9509.485436857272,4446.641137053386,4.428653978888964,3.214769123079831
2292,362.5033354112965,138.51692555478476,9578.602170423346,4545.517758556779,4.2294198377881065,3.1120224722769296
2293,372.4159951114621,137.89873022392862,9659.046849920585,4528.1909980470755,3.969029115623204,2.930141107904996
2294,380.2480989064554,138.6224393310688,9751.13437465315,4623.800689046479,4.152374657610099,2.690815871630216
2295,386.43400098845285,142.8554714869622,9804.789051933109,4560.431293045597,4.0995855602659645,2.782152381516921
2296,389.70443210216933,134.95956467985383,9901.795274232021,4663.271782636579,3.8151977207830066,2.8623703010745714
2297,385.0541934603213,134.93963090439036,9958.955949312984,4539.894886308832,3.756454049893229,2.625104308396087
2298,386.7196092277121,136.17936277395904,9886.588217725368,4494.364841690635,3.6650331291856513,2.510643904962221
2299,386.7196092277121,136.17936277395904,9886.588217725368,4494.364841690635,3.6650331291856513,2.510643904962221
2300,385.1679018281537,144.65080988169802,9939.45453795224,4972.447803462418,2.0538490370982023,3.1208494044708504
2301,385.1679018281537,144.65080988169802,9939.45453795224,4972.447803462418,2.0538490370982023,3.1208494044708504
2302,382.88022359606265,146.35721838950838,9859.749101234524,4981.263053019281,2.3691670411281134,3.327152453071449
2303,380.38999295216746,146.06693853913617,9923.822184000808,4997.12952763968,2.1221643223576256,2.9587446084894036
2304,378.1719599399235,143.90136089681545,9884.735738278885,4825.659067346874,1.8222432445922088,3.2899160003412917
2305,372.63962544567613,145.2491015329549,9871.914063515953,4869.2634830768675,1.748027530886548,3.112858720277749
2306,372.16435985124645,140.69252674543623,9826.524642102022,4819.617857869065,1.496800976646766,2.799571193274556
2307,369.1911692616312,133.72284320678625,9738.357599779056,4705.910458917002,1.5434867244208874,2.4804750136073457
2308,364.40930994518567,133.93560623677175,9630.151949916875,4760.348582478329,1.4071388461094516,2.93345551700608
2309,368.2176471848946,143.0542330059936,9533.92729021161,4521.997237015119,1.7504817083411779,1.878718255058633
2310,367.4625746050035,112.17137200451775,9425.073607959916,4584.803494380276,2.1787067118573256,1.2795414795321718
2311,367.4625746050035,112.17137200451775,9425.073607959916,4584.803494380276,2.1787067118573256,1.2795414795321718
2312,372.0356026217333,111.07280605328415,9478.266703377185,4559.389757266665,2.1754840805939066,1.325709270065703
2313,365.5040573782,107.1547278680259,9535.581359404136,4612.762758118195,2.209828564853013,1.4929724935578186
2314,379.0886990268336,108.02126958742312,9565.584220524732,4570.331958221344,1.9687389574585326,1.2102206337230883
2315,368.23341916315934,91.50959431806746,9063.84440785653,4553.04259617237,2.5790558027483543,3.0113362868896276
2316,366.28912927903673,94.8338648736119,9015.341689421924,4404.377792645557,2.180116446449565,2.7344263586823416
2317,366.28912927903673,94.8338648736119,9015.341689421924,4404.377792645557,2.180116446449565,2.7344263586823416
2318,380.9335277884715,95.6124848978817,9036.884719224505,4422.501554663159,2.2039914603540347,2.5379920727247605
2319,382.9001711392728,101.20723298099075,8932.862241219353,4316.055613738398,2.0254891412953695,2.4205697605064627
2320,367.06837142628376,109.28110101956253,9833.575088991158,3490.558775530733,0.7797637951312435,1.8928457487239758
2321,367.11105280781555,107.78170972376262,9997.551708183202,3415.1949699987367,0.755054594266235,1.4176691848026295
2322,367.11105280781555,107.78170972376262,9997.551708183202,3415.1949699987367,0.755054594266235,1.4176691848026295
2323,365.6678135881758,106.9285602312696,9997.350787002355,3392.260237478408,0.3016455639861594,1.3025617550912414
2324,365.6678135881758,106.9285602312696,9997.350787002355,3392.260237478408,0.3016455639861594,1.3025617550912414
2325,373.1225104541824,103.1621234713879,9958.712143918328,3265.2426139798467,0.15818873934815353,1.5683842797915095
2326,373.1225104541824,103.1621234713879,9958.712143918328,3265.2426139798467,0.15818873934815353,1.5683842797915095
2327,373.1225104541824,103.1621234713879,9958.712143918328,3265.2426139798467,0.15818873934815353,1.5683842797915095
2328,373.1225104541824,103.1621234713879,9958.712143918328,3265.2426139798467,0.15818873934815353,1.5683842797915095
2329,338.6130098088447,133.3586375591218,9813.778119987983,3505.7871986842274,2.109797599900479,0.31031029721610115
2330,344.6167783565185,131.9002422293452,9951.646651406301,3484.2226420350353,1.859339691639888,0.16068539258904696
2331,342.0289335409233,133.26886292477184,9969.72395746636,3520.065694872079,2.172180973957632,0.20397686228364492
2332,340.76860084035576,136.07698063325535,9964.164254308424,3496.4828120462116,2.229500662420596,0.22971195752748266
2333,346.5569686768741,139.2191015876358,9895.287726954268,3510.3714404966104,2.2922424370499375,0.2786893160827397
2334,346.5569686768741,139.2191015876358,9895.287726954268,3510.3714404966104,2.2922424370499375,0.2786893160827397
2335,344.32150661267366,139.07826332457444,9849.555003165999,3496.962969294887,2.007010751454631,0.7587473035914418
2336,357.4320141095659,124.9954842801118,9887.717927234655,3910.899240666974,2.675783993137858,0.8167571301886257
2337,354.8345311876273,126.99824101282245,9979.527887989696,3958.644529422369,3.2729985249602622,0.8363095885513121
2338,354.8345311876273,126.99824101282245,9979.527887989696,3958.644529422369,3.2729985249602622,0.8363095885513121
2339,354.8345311876273,126.99824101282245,9979.527887989696,3958.644529422369,3.2729985249602622,0.8363095885513121
2340,354.8345311876273,126.99824101282245,9979.527887989696,3958.644529422369,3.2729985249602622,0.8363095885513121
2341,354.8345311876273,126.99824101282245,9979.527887989696,3958.644529422369,3.2729985249602622,0.8363095885513121
2342,349.4477200230399,130.6521202436256,9922.624131835406,3802.5270046717687,3.2022495651355816,0.6832137560372797
2343,349.4477200230399,130.6521202436256,9922.624131835406,3802.5270046717687,3.2022495651355816,0.6832137560372797
2344,349.4477200230399,130.6521202436256,9922.624131835406,3802.5270046717687,3.2022495651355816,0.6832137560372797
2345,335.15119393897066,128.15186382299848,9926.061452271457,3769.8086864478746,3.130219759669086,0.31211315993377564
2346,335.15119393897066,128.15186382299848,9926.061452271457,3769.8086864478746,3.130219759669086,0.31211315993377564
2347,335.15119393897066,128.15186382299848,9926.061452271457,3769.8086864478746,3.130219759669086,0.31211315993377564
2348,335.15119393897066,128.15186382299848,9926.061452271457,3769.8086864478746,3.130219759669086,0.31211315993377564
2349,336.0418391089254,128.2986442660409,9772.120182405592,3883.2854042690396,3.2609955423393044,0.3178773469701206
2350,336.0418391089254,128.2986442660409,9772.120182405592,3883.2854042690396,3.2609955423393044,0.3178773469701206
2351,346.07207516039375,130.4949508993886,9831.353277788017,3883.4938280463734,2.967912676231823,0.6170027768808222
2352,347.83555350856886,126.25362466769693,9887.40981284723,4082.4888269653147,2.66659121312826,0.6523750710905161
2353,348.09458649584593,126.54164646263031,9876.490875608897,4006.1261257977358,2.4157640346471205,0.22187668365270052
2354,348.09458649584593,126.54164646263031,9876.490875608897,4006.1261257977358,2.4157640346471205,0.22187668365270052
2355,358.585057730543,120.95728927902732,9916.023427791726,3652.79180286289,0.8140016680955124,0.5570954471868419
2356,357.3196756240169,120.90662333574221,9806.961478403417,3693.4429142892077,1.2109328398239025,0.6312290778546171
2357,359.9572092617463,121.25588189463383,9871.110973324452,3748.9679170786653,1.7386516739666786,0.757346171920871
2358,363.6925208130828,125.44965322493834,9857.843686219867,3773.6241958289947,1.7840140476778592,0.5576498451928112
2359,362.7287250913091,85.91035379028503,9361.698040963785,3195.372121461635,1.348615643594436,0.5188751319452171
2360,364.9186697551519,93.15003659217712,9535.508570478012,3380.2883931454867,1.1735139183738692,0.9851341467025787
2361,340.782267058983,91.47709567020524,9891.73035538687,3233.4010388153756,0.31280981182628337,1.8571367336943456
2362,342.3755886917464,87.57115462964843,9725.925424827321,3239.5932913614884,0.3476286588300609,1.8373718564238213
2363,341.14189837319697,88.3337012468457,9879.363459696506,3225.866660852528,0.6444471705288836,1.7399079442117527
2364,332.5415414886218,87.67149605891706,9723.123257792653,3303.6158373223775,0.4902821416342582,1.8944079923958927
2365,342.55154553628756,93.82052980447999,9750.164707455908,3384.2336903438913,0.8497475236081418,1.7330852501285094
2366,344.36689722117586,99.521331623454,9783.098291885843,3421.5990606779055,0.7411571043776284,1.6156964788582036
2367,342.72420255802217,96.23258192040964,9670.45469214618,3331.957746743472,0.6487333378132878,2.122066770635
2368,336.06161273396657,97.79228160535715,9799.18525012911,3364.8496250217418,0.4356052710311835,1.9038789479848954
2369,336.06161273396657,97.79228160535715,9799.18525012911,3364.8496250217418,0.4356052710311835,1.9038789479848954
2370,332.02603766073435,103.40547698434703,9849.216809990503,3311.653501248032,0.46915589495377263,1.9778827466154925
2371,332.02603766073435,103.40547698434703,9849.216809990503,3311.653501248032,0.46915589495377263,1.9778827466154925
2372,332.02603766073435,103.40547698434703,9849.216809990503,3311.653501248032,0.46915589495377263,1.9778827466154925
2373,331.983105057058,102.954525406387,9792.526148416448,3305.8855779619253,0.1730422788499987,1.9668458958333652
2374,339.18344736500376,110.18957570689429,9806.387486076233,3350.377122199671,0.44165835394393893,2.638202152729048
2375,339.1428841926549,113.85522971949337,9741.673153920807,3316.944837964231,0.4898558570113011,3.0347440720364167
2376,339.1428841926549,113.85522971949337,9741.673153920807,3316.944837964231,0.4898558570113011,3.0347440720364167
2377,343.61310063505607,109.04746115369143,9752.46940005937,3394.58514296758,0.46429845944146564,2.388513574971567
2378,357.46669438924164,72.55350281985467,9716.360781884698,3631.4046658832294,1.6838122112097624,2.684824205659758
2379,363.36471715841043,76.91067189797027,9750.732678891158,3621.270601722607,1.899202314627374,2.59301852370601
2380,348.54615017103123,74.58777636442069,9559.842440307886,4610.529671025541,3.775232082644447,1.7111232741723545
2381,348.54615017103123,74.58777636442069,9559.842440307886,4610.529671025541,3.775232082644447,1.7111232741723545
2382,348.54615017103123,74.58777636442069,9559.842440307886,4610.529671025541,3.775232082644447,1.7111232741723545
2383,347.89009715925056,72.6887906812997,9609.97508937179,4561.047776309761,3.5629469434073506,1.4273829168296925
2384,357.3158804771527,78.55769812301128,9762.287082037412,4661.242114776123,4.276586640577332,1.6244402573033918
2385,332.7492821301825,74.66193546983904,9969.55659200275,4351.657634564653,3.0843326238334567,1.3347858176490486
2386,332.7492821301825,74.66193546983904,9969.55659200275,4351.657634564653,3.0843326238334567,1.3347858176490486
2387,331.30069949745695,70.91037685123722,9244.247257107672,4833.812315503627,4.385968894552329,0.4025015943959408
2388,331.30069949745695,70.91037685123722,9244.247257107672,4833.812315503627,4.385968894552329,0.4025015943959408
2389,331.30069949745695,70.91037685123722,9244.247257107672,4833.812315503627,4.385968894552329,0.4025015943959408
2390,331.30069949745695,70.91037685123722,9244.247257107672,4833.812315503627,4.385968894552329,0.4025015943959408
2391,331.30069949745695,70.91037685123722,9244.247257107672,4833.812315503627,4.385968894552329,0.4025015943959408
2392,331.30069949745695,70.91037685123722,9244.247257107672,4833.812315503627,4.385968894552329,0.4025015943959408
2393,331.30069949745695,70.91037685123722,9244.247257107672,4833.812315503627,4.385968894552329,0.4025015943959408
2394,331.30069949745695,70.91037685123722,9244.247257107672,4833.812315503627,4.385968894552329,0.4025015943959408
2395,331.30069949745695,70.91037685123722,9244.247257107672,4833.812315503627,4.385968894552329,0.4025015943959408
2396,343.0725147671953,70.09743823877822,9259.654965541818,4751.345089629671,4.218400965422543,0.9629709211652505
2397,343.0725147671953,70.09743823877822,9259.654965541818,4751.345089629671,4.218400965422543,0.9629709211652505
2398,341.48635820162445,71.57178922073314,9287.657202771785,4765.1098116840285,4.336747322164782,0.8105989961625688
2399,331.12231325309756,70.63738089166567,9256.39302917385,4775.476012463696,4.654076670526518,0.7286058257642065
2400,331.12231325309756,70.63738089166567,9256.39302917385,4775.476012463696,4.654076670526518,0.7286058257642065
2401,331.12231325309756,70.63738089166567,9256.39302917385,4775.476012463696,4.654076670526518,0.7286058257642065
2402,331.12231325309756,70.63738089166567,9256.39302917385,4775.476012463696,4.654076670526518,0.7286058257642065
2403,331.12231325309756,70.63738089166567,9256.39302917385,4775.476012463696,4.654076670526518,0.7286058257642065
2404,333.25610261441557,73.31390696176935,9155.563241796648,4708.125759167363,4.507241699677431,0.8208743275540533
2405,333.25610261441557,73.31390696176935,9155.563241796648,4708.125759167363,4.507241699677431,0.8208743275540533
2406,339.14552794727314,78.42437711739852,9152.866532361457,4649.751147430893,4.077971699559481,0.6284695824655969
2407,349.66733896681745,77.87827931351902,9656.60811295203,4086.327267096114,4.098110697602387,0.7317960726908626
2408,345.4096371640426,77.79638791108418,9591.205177907159,4065.8175930651732,3.9414374534578336,0.6165530404239076
2409,336.09472552716073,75.3435188359602,9458.349333530277,4049.3342693784307,4.175738620698721,0.7660750897974311
2410,336.09472552716073,75.3435188359602,9458.349333530277,4049.3342693784307,4.175738620698721,0.7660750897974311
2411,346.2112825961881,74.13887173340719,9448.805743977427,4047.873287960364,3.7089058057491866,0.9141463700990771
2412,340.7482378964957,71.53756222460882,9505.52209342771,3905.3018022768465,3.4398619421523238,0.99333557749811
2413,347.1335737804076,74.34816631421704,9547.615706652887,3881.781430368694,3.5702860703105466,0.8841374830466462
2414,343.4594065430557,75.896144128919,9662.117487483532,3870.0895500473466,2.9962454643813823,1.0099195595436392
2415,339.32039394344923,79.4906647326574,9619.118673448007,3756.0269629907007,2.76242248313078,1.526036573010633
2416,339.32039394344923,79.4906647326574,9619.118673448007,3756.0269629907007,2.76242248313078,1.526036573010633
2417,339.32039394344923,79.4906647326574,9619.118673448007,3756.0269629907007,2.76242248313078,1.526036573010633
2418,334.9897415071901,79.07580337815652,9632.512870523098,3814.4630055328826,2.9326896968185547,0.6364444256362833
2419,335.2492644490002,84.02018346432541,9621.051690728385,3790.074955433963,1.7589477108121778,1.89525083430055
2420,335.2492644490002,84.02018346432541,9621.051690728385,3790.074955433963,1.7589477108121778,1.89525083430055
2421,335.2492644490002,84.02018346432541,9621.051690728385,3790.074955433963,1.7589477108121778,1.89525083430055
2422,342.3996855427475,70.0723799827175,9500.119330103731,3559.3131221289814,1.9806390653120152,1.989569090693787
2423,348.1380625436018,74.86788629475645,9600.327595128323,3641.0064054846866,2.221900024453948,1.5104691279424383
2424,351.239985096605,73.60206813083846,9613.096125473989,3560.7366622603186,2.37681993311192,1.2481225046358544
2425,348.7819465105273,77.77057535119327,9248.03738475574,3402.4119812263248,1.464590532457936,2.059023974227542
2426,337.56254541199075,76.75585727388352,9217.04636995686,3332.0159480985694,1.1750586719649294,1.7153187572719093
2427,338.260539254251,71.78347684582391,9041.927960320087,3395.553914888456,1.0582219820949255,1.9579132530617356
2428,350.8794109564768,91.43801764452482,9239.199538493878,3178.1235329309143,1.133329385808327,4.071313764515396
2429,352.0019780649267,85.34762494277251,9298.490579418576,3265.372762265377,1.1179725158867553,3.919996390933384
2430,346.66015915712705,91.63775770261967,9117.593794610899,3180.157513052298,1.2957347266425616,3.645872193583917
2431,346.66015915712705,91.63775770261967,9117.593794610899,3180.157513052298,1.2957347266425616,3.645872193583917
2432,345.45208180507814,91.77502511388185,9271.061964750998,3025.1993020864716,1.5776089967423548,3.5615604046521767
2433,359.1213314362851,82.70249918541018,9588.780164127784,3206.8472127577347,0.7501729036705591,4.863647952304427
2434,359.1213314362851,82.70249918541018,9588.780164127784,3206.8472127577347,0.7501729036705591,4.863647952304427
2435,359.1213314362851,82.70249918541018,9588.780164127784,3206.8472127577347,0.7501729036705591,4.863647952304427
2436,359.1213314362851,82.70249918541018,9588.780164127784,3206.8472127577347,0.7501729036705591,4.863647952304427
2437,359.1213314362851,82.70249918541018,9588.780164127784,3206.8472127577347,0.7501729036705591,4.863647952304427
2438,362.37754090815395,87.3955523339414,9660.05624639057,3323.0710822333185,0.8332256413330378,4.846853741168799
2439,362.37754090815395,87.3955523339414,9660.05624639057,3323.0710822333185,0.8332256413330378,4.846853741168799
2440,363.4580028607294,92.76833208327601,9718.168705226062,3489.7040394568558,0.9066311364404898,4.376523347858944
2441,367.5575455742245,98.31252782085812,9764.1926923387,3697.350222061804,1.3257567585994177,3.9982779691512724
2442,381.08124538356543,98.77611661869955,9729.115237192516,3571.1022218881294,1.4145164035665703,3.876332739989528
2443,385.060419071733,100.5291199713809,9578.246765497153,3577.7175666809226,1.389235818933572,4.017100094662943
2444,383.15290217640774,80.20274518555951,9662.25922370452,3482.9619199880326,1.1277512885171554,2.854963588852226
2445,346.44511122921557,78.07001957062752,9381.704365271633,3158.707303326837,1.1431346172589416,4.895634497400791
2446,346.44511122921557,78.07001957062752,9381.704365271633,3158.707303326837,1.1431346172589416,4.895634497400791
2447,339.82948389013046,83.57109823929682,9302.172074404492,3009.376244708947,1.161527601863412,4.365124940595574
2448,339.82948389013046,83.57109823929682,9302.172074404492,3009.376244708947,1.161527601863412,4.365124940595574
2449,339.82948389013046,83.57109823929682,9302.172074404492,3009.376244708947,1.161527601863412,4.365124940595574
2450,339.82948389013046,83.57109823929682,9302.172074404492,3009.376244708947,1.161527601863412,4.365124940595574
2451,335.7102259886207,85.60337402063466,9160.87128112995,3174.125834176593,1.2834182544519457,3.8675145219325215
2452,337.64610041445184,92.82801933026062,9177.645882809351,3286.9248704739894,1.387078385029358,4.132439162010425
2453,333.0940954444153,87.34087718475756,9124.661547693397,3230.239406848636,1.2304237082742346,4.1896068100231245
2454,399.96294211515624,85.48941420305155,9759.758382591559,3705.7402618642454,2.8072163056149924,1.9582079499085892
2455,365.986298828669,75.72870186082937,9448.88274174064,3776.886158003301,3.0425762967278907,0.7222526922358012
2456,374.10549733212133,74.2159774203034,9551.231685501845,3735.938969808223,3.1571797182873325,1.0548684013517318
2457,371.6118105066321,82.49988562385865,9415.510742782939,3684.127451957097,3.1240256109575717,1.1467418902907596
2458,371.6118105066321,82.49988562385865,9415.510742782939,3684.127451957097,3.1240256109575717,1.1467418902907596
2459,375.07901306888505,82.5970277692983,9555.011853294156,3552.8648420734335,3.1892621565642076,1.026457684741516
2460,354.39318091486564,81.63731657789367,9621.548125283713,3002.3004473648402,4.232891449587378,2.8179356637070234
2461,354.39318091486564,81.63731657789367,9621.548125283713,3002.3004473648402,4.232891449587378,2.8179356637070234
2462,354.39318091486564,81.63731657789367,9621.548125283713,3002.3004473648402,4.232891449587378,2.8179356637070234
2463,354.39318091486564,81.63731657789367,9621.548125283713,3002.3004473648402,4.232891449587378,2.8179356637070234
2464,354.39318091486564,81.63731657789367,9621.548125283713,3002.3004473648402,4.232891449587378,2.8179356637070234
2465,341.7726935666022,100.74128987852966,8792.523690111047,3284.026205491043,4.941225488537995,2.500560493539669
2466,344.1869349884963,115.10066461956329,9102.726826177268,3311.275680689997,4.534957276334887,0.37112523524230867
2467,344.69119646071454,119.80842699603905,9122.563077180908,3285.511656647703,4.610881316634358,0.15150634352788642
2468,351.547299044091,117.92870444973872,9096.342817619272,3378.251219267502,4.836205012289064,0.7228309081675669
2469,348.110350330124,117.64127833772889,9127.918923293368,3353.157587073444,4.932653112294807,0.9896360565883129
2470,348.110350330124,117.64127833772889,9127.918923293368,3353.157587073444,4.932653112294807,0.9896360565883129
2471,348.59411585103504,116.60595795322865,9274.283321007426,3397.331938874864,4.615370780201015,1.2253098156405213
2472,336.6202510704311,115.59155464459734,9224.507270118664,3326.9424405184004,4.579174035438377,1.52056654182822
2473,346.0856486214601,113.35575365225515,9365.34033338806,3347.8039555556543,4.744317842420188,1.7435850064499563
2474,352.10715319636546,109.81983299835957,9468.91349177679,3338.140858347416,4.480564215155,1.3572177159803829
2475,348.49085962676236,98.98605701304646,9337.528794944603,3346.322068274144,4.583316752128342,1.443311615969722
2476,357.94740773046505,94.8459389782194,9122.548597451198,3449.432396503992,4.990236793156283,1.221619695805578
2477,364.0345765799318,93.11246748978385,9098.761156205694,3477.6121299086008,4.543237760901778,0.8724060129866996
2478,357.42016741831236,97.62173377292595,9193.450096201752,3583.4532006324166,4.437317838474246,0.6143828339243943
2479,357.66105446544515,97.51842549156507,9309.461119203957,3533.2855791922348,4.277346209067735,0.27609512155464677
2480,359.60758223030683,93.92913810202018,9304.029612931317,3251.3386453781864,4.405310402804134,0.3462182504841441
2481,351.89083654941453,90.74082454546507,9341.339974718598,3308.7662826215387,4.467626921817014,0.5330302318934088
2482,351.89083654941453,90.74082454546507,9341.339974718598,3308.7662826215387,4.467626921817014,0.5330302318934088
2483,351.89083654941453,90.74082454546507,9341.339974718598,3308.7662826215387,4.467626921817014,0.5330302318934088
2484,357.85622571518195,89.90182022917729,9429.843149906246,3272.624359845382,4.851481994856085,0.9835542519303411
2485,374.1139854134204,125.07322552871912,9244.085847505467,3026.5117784013346,4.774171113098252,0.7057235285847844
2486,374.1139854134204,125.07322552871912,9244.085847505467,3026.5117784013346,4.774171113098252,0.7057235285847844
2487,374.1139854134204,125.07322552871912,9244.085847505467,3026.5117784013346,4.774171113098252,0.7057235285847844
2488,374.1139854134204,125.07322552871912,9244.085847505467,3026.5117784013346,4.774171113098252,0.7057235285847844
2489,374.1139854134204,125.07322552871912,9244.085847505467,3026.5117784013346,4.774171113098252,0.7057235285847844
2490,374.1139854134204,125.07322552871912,9244.085847505467,3026.5117784013346,4.774171113098252,0.7057235285847844
2491,395.32952181878693,99.41875450637579,9237.145616355912,3303.0265763981115,4.180297861212099,2.9528239852637537
2492,395.32952181878693,99.41875450637579,9237.145616355912,3303.0265763981115,4.180297861212099,2.9528239852637537
2493,393.3906838948434,105.37534059005169,9287.695670063466,3272.7497397016873,3.8438845330511606,3.0869992323448914
2494,393.13070082608743,106.48916005797301,9147.807009998269,3205.7649720316144,3.9622786985465837,3.109160119822815
2495,360.6653261366236,96.18968486852688,8952.009690181738,3244.935985087326,3.3450170224071645,3.6945009616949607
2496,357.88690573652775,90.91729582152973,8914.47133006012,3095.8511223985947,3.398124087690041,3.7623036303607007
2497,381.496691105922,128.39280092211123,9033.499590822468,3206.4985816551057,4.266981004715401,4.341459095451854
2498,384.7412786365023,127.55217035403884,9069.825182216107,3236.5319865892156,4.1071538746088185,4.560934696848422
2499,384.2898078637174,128.17804658844543,9003.299654552806,3290.7689083307455,4.052522156094797,4.517784102702788
2500,381.58729503560545,127.76546075700921,8948.213155012721,3139.0777035084784,4.5115401942191635,4.645647512592035
2501,374.3268612726075,123.63295203567048,8851.815779939247,3160.4386109065467,4.842715655561723,4.568669752323738
2502,365.9827653968476,141.8703891540907,8521.432706911944,3427.8492752301872,4.452834448761331,2.155302152525942
2503,363.5253240642926,135.74683219467033,8565.125349163858,3349.395534095751,4.793147391167016,3.333259841569249
2504,358.5363114233914,132.29143303876828,8764.78325243266,3270.580037760086,4.234483887779255,3.4052282487904506
2505,358.14096285655785,126.98741393375074,8769.81573019516,3089.839231985251,4.183583610491904,3.11094011261617
2506,366.8527187174226,132.4820434143213,8655.217357231875,3072.964933574885,3.919032617903834,3.3239577575304398
2507,366.8527187174226,132.4820434143213,8655.217357231875,3072.964933574885,3.919032617903834,3.3239577575304398
2508,374.6924353325665,128.8417342099657,8573.914072590416,3703.4274125796424,4.93582182159655,3.637514858585822
2509,376.3927847246819,124.56759447975747,8501.592233060772,3573.944998765216,4.409923080458509,4.093347305365934
2510,379.267204476928,118.28835830734812,8529.958238769164,3577.773251912038,4.060390006405865,4.059656984379773
2511,368.52238667058,119.91839130171519,8489.406306459465,3403.724839130337,3.8811518764552977,4.7358619837060685
2512,338.8836811629103,134.935623390898,8313.514582412847,4186.842125153515,4.490798358208629,3.6719299538135854
2513,345.11850854000943,133.8926642999703,8390.792583332584,4243.832796917104,4.777843619036791,3.7615293809303387
2514,345.11850854000943,133.8926642999703,8390.792583332584,4243.832796917104,4.777843619036791,3.7615293809303387
2515,345.11850854000943,133.8926642999703,8390.792583332584,4243.832796917104,4.777843619036791,3.7615293809303387
2516,347.2784441176718,133.02372535811486,8505.607588621071,4098.015799325447,4.508073356569443,3.5232504906648936
2517,361.8480084560311,134.61183232628213,8595.683056234384,4184.725123940148,4.624580511976,3.6263687558531537
2518,359.7358389581196,134.0421903373403,8686.341435705373,3983.7778296092984,4.057271879261406,3.83453003489309
2519,359.7358389581196,134.0421903373403,8686.341435705373,3983.7778296092984,4.057271879261406,3.83453003489309
2520,342.2632927984056,141.9494493882263,8221.228726907748,3588.367959898777,4.716637624909884,4.046299283814895
2521,338.9651814390578,138.95528970522508,8292.096306176616,3308.707684350988,4.775119660834767,4.0284175089141065
2522,333.92141749677444,140.56127328418773,8173.223500552946,3264.7870192015253,4.706858338057313,3.969278110386834
2523,337.143044688098,137.94727250571896,8142.723827046988,3348.2985492877106,4.391102088308277,4.171088768442126
2524,335.24861128308316,138.8347414554551,8175.424166093705,3376.885068809827,4.334392033633038,3.7450919374912783
2525,345.82338032184293,131.099704293458,8320.597235714447,3284.385580302696,4.7482450700848595,4.017957445287825
2526,345.82338032184293,131.099704293458,8320.597235714447,3284.385580302696,4.7482450700848595,4.017957445287825
2527,349.9996127207087,132.7155700269269,8410.735345507215,3370.3165130721914,4.759567081702856,3.871606462439816
2528,349.9996127207087,132.7155700269269,8410.735345507215,3370.3165130721914,4.759567081702856,3.871606462439816
2529,342.4054444590837,130.0292463049974,8409.927253401627,3224.954694526503,4.842133170802026,3.8183251000811755
2530,341.78994832288026,128.81164704337246,8454.556179151892,3222.766026275681,4.444651307060306,4.286839340782498
2531,351.2074892503695,129.85947149738314,8509.527800680251,3293.339789715594,4.681149314349542,4.056958718228476
2532,355.40264541234484,123.26446988744598,8456.707660307506,3291.0856551507068,4.66858379375425,4.422142552274473
2533,362.0522014309753,123.89006561676953,8607.590060776196,3435.3040764454086,4.9904307657229205,4.497596034301067
2534,362.0522014309753,123.89006561676953,8607.590060776196,3435.3040764454086,4.9904307657229205,4.497596034301067
2535,362.0522014309753,123.89006561676953,8607.590060776196,3435.3040764454086,4.9904307657229205,4.497596034301067
2536,362.0522014309753,123.89006561676953,8607.590060776196,3435.3040764454086,4.9904307657229205,4.497596034301067
2537,356.4437626819662,116.22289246249716,8577.499070452815,3300.077685752698,4.747326051809336,4.807945151473838
2538,356.4437626819662,116.22289246249716,8577.499070452815,3300.077685752698,4.747326051809336,4.807945151473838
2539,363.9429537679926,116.39993239788606,8664.917690683991,3270.064818126904,4.912649479817958,4.55189073734203
2540,363.9429537679926,116.39993239788606,8664.917690683991,3270.064818126904,4.912649479817958,4.55189073734203
2541,363.9429537679926,116.39993239788606,8664.917690683991,3270.064818126904,4.912649479817958,4.55189073734203
2542,339.16191326531407,115.87277372111853,9205.994859959505,3167.5748031854714,1.1277839312465758,2.5494802174861304
2543,332.7781399546468,118.21335910141048,9180.737851622482,3149.7875044460616,1.0190973468085807,2.700354225744937
2544,332.7781399546468,118.21335910141048,9180.737851622482,3149.7875044460616,1.0190973468085807,2.700354225744937
2545,332.32232380598407,116.60711022812126,9147.130531933657,3122.107925865577,1.2414925746011802,2.5331310150304924
2546,332.32232380598407,116.60711022812126,9147.130531933657,3122.107925865577,1.2414925746011802,2.5331310150304924
2547,332.32232380598407,116.60711022812126,9147.130531933657,3122.107925865577,1.2414925746011802,2.5331310150304924
2548,332.32232380598407,116.60711022812126,9147.130531933657,3122.107925865577,1.2414925746011802,2.5331310150304924
2549,340.4701051330569,108.30082180948409,9260.027816950123,3120.720409557492,0.7184003598503685,2.8768167942792884
2550,337.35979266781135,104.48123465710125,9181.447348506877,3132.2655873098597,0.5681502192220357,2.5905695777146556
2551,331.8754315712855,100.2921480509273,9330.94150331336,3124.905810448002,0.17718003982732367,2.937008190904608
2552,331.8754315712855,100.2921480509273,9330.94150331336,3124.905810448002,0.17718003982732367,2.937008190904608
2553,331.8754315712855,100.2921480509273,9330.94150331336,3124.905810448002,0.17718003982732367,2.937008190904608
2554,331.8754315712855,100.2921480509273,9330.94150331336,3124.905810448002,0.17718003982732367,2.937008190904608
2555,340.1726873135638,101.67572142562301,9341.180907535187,3138.164860759494,0.1899476941589907,3.0681454509150616
2556,338.5881717510045,107.09898653490129,9698.830955812644,4481.053613690407,1.9980824408240534,2.547533033603182
2557,339.07668054661895,105.79738979443961,9622.8905829471,4664.533617963574,2.1920117083214543,2.26036838323876
2558,343.8383530151699,105.23457178566412,9801.079673604549,4580.134125985887,0.33990507133749903,0.13028270864143404
2559,343.8383530151699,105.23457178566412,9801.079673604549,4580.134125985887,0.33990507133749903,0.13028270864143404
2560,343.8383530151699,105.23457178566412,9801.079673604549,4580.134125985887,0.33990507133749903,0.13028270864143404
2561,347.48867656504035,100.56939266303581,9856.48979490725,4754.609299966351,0.13717223720527452,0.4975676538041397
2562,347.48867656504035,100.56939266303581,9856.48979490725,4754.609299966351,0.13717223720527452,0.4975676538041397
2563,347.48867656504035,100.56939266303581,9856.48979490725,4754.609299966351,0.13717223720527452,0.4975676538041397
2564,347.48867656504035,100.56939266303581,9856.48979490725,4754.609299966351,0.13717223720527452,0.4975676538041397
2565,343.94552164217407,98.01882758598074,9778.464477439722,4929.73228350505,0.4727476104889188,0.5160362566527713
2566,340.6892283977729,91.98732089334013,9850.385355457107,4925.609974763684,0.48465055210330255,0.45147657972982735
2567,340.6892283977729,91.98732089334013,9850.385355457107,4925.609974763684,0.48465055210330255,0.45147657972982735
2568,340.6892283977729,91.98732089334013,9850.385355457107,4925.609974763684,0.48465055210330255,0.45147657972982735
2569,339.8355890585095,97.32456793386416,9799.254619241658,4952.258538228311,0.31636525285160844,0.4159869712151273
2570,339.8355890585095,97.32456793386416,9799.254619241658,4952.258538228311,0.31636525285160844,0.4159869712151273
2571,339.8355890585095,97.32456793386416,9799.254619241658,4952.258538228311,0.31636525285160844,0.4159869712151273
2572,339.8355890585095,97.32456793386416,9799.254619241658,4952.258538228311,0.31636525285160844,0.4159869712151273
2573,339.8355890585095,97.32456793386416,9799.254619241658,4952.258538228311,0.31636525285160844,0.4159869712151273
2574,339.8355890585095,97.32456793386416,9799.254619241658,4952.258538228311,0.31636525285160844,0.4159869712151273
2575,331.41191975754253,101.5472351130931,9794.463158147664,4849.019793685976,0.23371440147725436,0.8523741883501241
2576,331.41191975754253,101.5472351130931,9794.463158147664,4849.019793685976,0.23371440147725436,0.8523741883501241
2577,331.41191975754253,101.5472351130931,9794.463158147664,4849.019793685976,0.23371440147725436,0.8523741883501241
2578,331.41191975754253,101.5472351130931,9794.463158147664,4849.019793685976,0.23371440147725436,0.8523741883501241
2579,331.41191975754253,101.5472351130931,9794.463158147664,4849.019793685976,0.23371440147725436,0.8523741883501241
2580,336.408589908447,97.00357835896187,9734.848758618105,4888.188989491784,0.33952166585886323,1.3414776711842373
2581,340.5073364552874,97.46983615941747,9822.484986080388,4879.326921966038,0.5912797339435071,1.146125729548554
2582,339.6631306950609,96.43281293089335,9809.374198765649,4819.550926715156,0.6951920309990285,1.1505289261226976
2583,336.8077924438444,96.5751751219205,9834.999766933397,4822.287585530266,0.6525868126061446,0.7372589657194812
2584,336.8077924438444,96.5751751219205,9834.999766933397,4822.287585530266,0.6525868126061446,0.7372589657194812
2585,330.80706367401865,99.66146789458764,9749.735193419008,4701.794404769587,0.7581047402152594,0.6472941066807432
2586,334.08629931324856,106.13171816923148,9904.427044926173,4742.081320313906,0.653292809063864,0.3973506590497752
2587,331.14705382499216,103.82204752850525,9929.260603177323,4729.567664653348,1.1651830491759951,0.8686608271703595
2588,331.14705382499216,103.82204752850525,9929.260603177323,4729.567664653348,1.1651830491759951,0.8686608271703595
2589,336.96023625786125,98.73767618975162,9824.737700351383,4848.826530296288,1.1527246829747557,0.71704280321769
2590,349.49899990233376,97.93617822128944,9926.72161071727,4696.028154714814,1.1325465484106454,0.8674487481472547
2591,349.49899990233376,97.93617822128944,9926.72161071727,4696.028154714814,1.1325465484106454,0.8674487481472547
2592,345.2178562647083,99.11689623978761,9970.069356072701,4781.966670977544,1.348300275626623,0.694938491249902
2593,341.35774083804404,93.98828411666081,9984.40750987005,4932.545525545257,1.7667078403219547,0.7388508127127837
2594,341.35774083804404,93.98828411666081,9984.40750987005,4932.545525545257,1.7667078403219547,0.7388508127127837
2595,341.35774083804404,93.98828411666081,9984.40750987005,4932.545525545257,1.7667078403219547,0.7388508127127837
2596,341.35774083804404,93.98828411666081,9984.40750987005,4932.545525545257,1.7667078403219547,0.7388508127127837
2597,341.35774083804404,93.98828411666081,9984.40750987005,4932.545525545257,1.7667078403219547,0.7388508127127837
2598,341.35774083804404,93.98828411666081,9984.40750987005,4932.545525545257,1.7667078403219547,0.7388508127127837
2599,341.35774083804404,93.98828411666081,9984.40750987005,4932.545525545257,1.7667078403219547,0.7388508127127837
2600,332.4940977453963,95.60707271958007,9972.327855842106,4912.441670594437,1.3260037213217182,0.6451443467872626
2601,332.4940977453963,95.60707271958007,9972.327855842106,4912.441670594437,1.3260037213217182,0.6451443467872626
2602,332.4940977453963,95.60707271958007,9972.327855842106,4912.441670594437,1.3260037213217182,0.6451443467872626
2603,332.4940977453963,95.60707271958007,9972.327855842106,4912.441670594437,1.3260037213217182,0.6451443467872626
2604,332.4940977453963,95.60707271958007,9972.327855842106,4912.441670594437,1.3260037213217182,0.6451443467872626
2605,340.24002065566475,94.38649157688474,9972.185081554187,4991.657077258858,1.1237513395527328,0.835715377053297
2606,340.24002065566475,94.38649157688474,9972.185081554187,4991.657077258858,1.1237513395527328,0.835715377053297
2607,344.0930377158722,100.23425474938374,9822.96844568866,4951.052701807854,1.3773241791266113,0.7536644468674087
2608,344.0930377158722,100.23425474938374,9822.96844568866,4951.052701807854,1.3773241791266113,0.7536644468674087
2609,341.50975350686315,100.30990895601802,9992.013104079484,4959.647720910625,0.9738058970331422,0.549159984212677
2610,341.50975350686315,100.30990895601802,9992.013104079484,4959.647720910625,0.9738058970331422,0.549159984212677
2611,346.51828214828487,100.23632351124145,9970.57896059739,4911.200053228971,0.5861576605286064,0.9265690275677309
2612,345.8186968545211,102.68678679677527,9893.612699912706,4872.913533312995,0.7378950245517619,0.7205088884669446
2613,346.7145449362855,97.94725536465252,9928.126960564336,4984.190801397323,1.405106760279042,0.6013036429016434
2614,349.39991620169593,101.87611882580076,9947.456041050147,4917.934032946731,1.5490731528024064,0.6023958258441406
2615,349.39991620169593,101.87611882580076,9947.456041050147,4917.934032946731,1.5490731528024064,0.6023958258441406
2616,342.17228864823505,103.35252554419594,9948.896853795071,4964.970866280424,2.0057837137805006,0.6367718719571683
2617,330.74707629413035,101.8840934317906,9754.571322137372,4978.054934009122,1.9300068301208781,0.5250894325559257
2618,330.74707629413035,101.8840934317906,9754.571322137372,4978.054934009122,1.9300068301208781,0.5250894325559257
2619,341.6711257416714,106.06384439179487,9723.113493055145,4864.447986088162,2.15114182038026,0.772245809669106
2620,341.6711257416714,106.06384439179487,9723.113493055145,4864.447986088162,2.15114182038026,0.772245809669106
2621,341.6711257416714,106.06384439179487,9723.113493055145,4864.447986088162,2.15114182038026,0.772245809669106
2622,337.1907973072533,106.40094646169824,9742.055101797458,4829.78529057932,2.153366267605649,0.9501674252081611
2623,337.1907973072533,106.40094646169824,9742.055101797458,4829.78529057932,2.153366267605649,0.9501674252081611
2624,344.31834844032886,110.03301256856955,9810.948381241147,4914.306366896324,2.272517474247109,1.175120983997408
2625,344.31834844032886,110.03301256856955,9810.948381241147,4914.306366896324,2.272517474247109,1.175120983997408
2626,341.80203386736156,106.61774896328369,9750.020664842354,4934.366009106744,2.341665023616155,1.05556859611101
2627,341.80203386736156,106.61774896328369,9750.020664842354,4934.366009106744,2.341665023616155,1.05556859611101
2628,341.80203386736156,106.61774896328369,9750.020664842354,4934.366009106744,2.341665023616155,1.05556859611101
2629,341.80203386736156,106.61774896328369,9750.020664842354,4934.366009106744,2.341665023616155,1.05556859611101
2630,341.2869304090722,108.38786716696089,9706.954775390677,4672.578064065656,2.248294593616736,1.3517772603417773
2631,341.2869304090722,108.38786716696089,9706.954775390677,4672.578064065656,2.248294593616736,1.3517772603417773
2632,341.43175095231766,109.09378385007916,9610.553108248901,4513.881173707008,2.4577443924311524,1.568067549795741
2633,341.9624563611083,106.2164701345637,9615.796616734206,4450.250221140996,2.718647416805545,1.8145701265163403
2634,341.9624563611083,106.2164701345637,9615.796616734206,4450.250221140996,2.718647416805545,1.8145701265163403
2635,351.26041480335937,131.14655883995516,9887.751883439305,3509.6712362918806,1.8704352942782398,0.954743641007729
2636,351.50928808350096,134.93955024688395,9863.10883436796,3450.4175750204176,1.6131771053526625,1.2479151641238482
2637,347.8710490443413,125.48788528019966,9948.831308145911,3359.999840716328,1.7047600662904605,1.7459206818748614
2638,347.8710490443413,125.48788528019966,9948.831308145911,3359.999840716328,1.7047600662904605,1.7459206818748614
2639,374.0001359082177,139.08218011087007,9770.690382286904,3015.7118823752294,3.146734569569531,1.4545576389879278
2640,374.0001359082177,139.08218011087007,9770.690382286904,3015.7118823752294,3.146734569569531,1.4545576389879278
2641,330.17021996940736,118.14479803842968,8991.81181065254,3368.506150853886,1.514242510571277,2.5063219553223015
2642,330.9782713139988,121.36087410116824,9272.712141516224,3900.135648698711,1.981808294805076,3.1466198479968557
2643,330.9782713139988,121.36087410116824,9272.712141516224,3900.135648698711,1.981808294805076,3.1466198479968557
2644,337.31329343054824,128.25936483201838,9347.416439708279,4011.0830557049776,2.001859586509278,3.0635804877742197
2645,339.18334931418957,123.4339718166076,9341.704929700434,4032.550312722141,1.9643783447617675,2.8078381401888306
2646,339.18334931418957,123.4339718166076,9341.704929700434,4032.550312722141,1.9643783447617675,2.8078381401888306
2647,334.3120101534799,125.84651426795598,9320.115577088314,4012.84900322718,2.1298468496957206,2.578715842936185
2648,333.8908609122854,118.15685370297376,9462.1095294191,3978.0634002880015,2.0496765568727566,2.280376364902406
2649,389.71840033138255,95.65203033372038,9551.647757465551,3071.162729652881,2.67843628614837,3.8629943738136334
2650,382.60255350855135,95.61793414062782,9500.976294479337,3098.5534896878494,2.7189612300510206,4.053403556295343
2651,383.99588856104833,92.27472327895818,9579.290520996317,3384.716425700851,2.974248152160149,4.19848579586524
2652,383.99588856104833,92.27472327895818,9579.290520996317,3384.716425700851,2.974248152160149,4.19848579586524
2653,383.99588856104833,92.27472327895818,9579.290520996317,3384.716425700851,2.974248152160149,4.19848579586524
2654,380.8302700397437,94.78229449006616,9672.255434102299,3499.2629649345176,2.7218229839617485,4.006094445914225
2655,385.098040791333,91.53830097481948,9703.061642408089,3436.200413167419,2.3502857899064105,3.424357526459526
2656,389.1370052729649,94.63089278036955,9757.160598366972,3603.812897710928,2.2364538603080395,3.3395881300840746
2657,393.543539577119,89.54566366930659,9644.479645285433,3666.8645674608897,1.8138070567332425,3.570356734663852
2658,397.55889658696947,106.391790942009,8922.07570120511,3743.2878342188537,3.1112761838437186,3.470932199219677
2659,413.54636048179873,105.12738063191537,8997.97560149103,3801.751049950316,2.968786287169253,3.136480850833134
2660,408.5473980737439,109.79200757932676,8938.856671330675,3486.5946182848793,2.570095348678483,2.6902741602554907
2661,400.86759408877714,86.42310700509049,8927.23906546198,3550.35853093419,1.3453582765223875,4.663406253349282
2662,396.0101591881335,84.60757549233035,8941.258964947609,3411.8109645919944,0.9151912905804872,4.847899317600111
2663,405.96032071859526,88.12633892670236,9113.031834763568,3288.255580271402,1.132533645705424,4.943252335151973
2664,405.96032071859526,88.12633892670236,9113.031834763568,3288.255580271402,1.132533645705424,4.943252335151973
2665,405.96032071859526,88.12633892670236,9113.031834763568,3288.255580271402,1.132533645705424,4.943252335151973
2666,405.96032071859526,88.12633892670236,9113.031834763568,3288.255580271402,1.132533645705424,4.943252335151973
2667,399.49780166025295,90.23119818823852,9157.707433244545,3267.502422400865,1.302143821276284,4.6313677314405535
2668,417.40729325309854,71.88777590946191,8971.593653137706,3328.7104390434274,1.3216588841818298,3.6580114314366106
2669,417.40729325309854,71.88777590946191,8971.593653137706,3328.7104390434274,1.3216588841818298,3.6580114314366106
2670,416.1813852790204,74.05062849166613,9045.55057838484,3384.223991431321,1.0559810736594344,3.725861670528955
2671,386.3594774728975,71.67962516828206,9141.416423203415,4022.1930051915733,0.4517853246359599,2.7832990673060247
2672,386.3594774728975,71.67962516828206,9141.416423203415,4022.1930051915733,0.4517853246359599,2.7832990673060247
2673,376.7957303936248,70.02840330779438,9121.37985520202,3913.8770911200118,0.24605148517989064,2.5863425564721805
2674,376.7957303936248,70.02840330779438,9121.37985520202,3913.8770911200118,0.24605148517989064,2.5863425564721805
2675,376.7957303936248,70.02840330779438,9121.37985520202,3913.8770911200118,0.24605148517989064,2.5863425564721805
2676,376.7957303936248,70.02840330779438,9121.37985520202,3913.8770911200118,0.24605148517989064,2.5863425564721805
2677,376.7957303936248,70.02840330779438,9121.37985520202,3913.8770911200118,0.24605148517989064,2.5863425564721805
2678,365.43770948169686,72.99606015982442,9054.464287632616,3963.3851133936782,0.7169212795308977,3.1082642722255462
2679,362.187065910732,73.64926257515965,9088.589384591512,4131.048138573931,0.5773111338376496,3.7959361617730547
2680,362.187065910732,73.64926257515965,9088.589384591512,4131.048138573931,0.5773111338376496,3.7959361617730547
2681,356.7794297805414,91.02595713955313,8973.805576116258,3711.7059673237945,1.6443784855181824,4.411163871472927
2682,359.5172818400223,88.29409509848799,8958.55420312556,3760.2121843248156,1.6022426510074768,4.296465215529054
2683,404.17415203028366,83.49703611627898,8774.0827407328,3526.3075748604797,0.36417505322796184,4.964194192623627
2684,411.8686204907898,78.61545333222783,8828.86348112106,3757.869878397248,0.7380635313903137,4.885143384184003
2685,411.8686204907898,78.61545333222783,8828.86348112106,3757.869878397248,0.7380635313903137,4.885143384184003
2686,411.8686204907898,78.61545333222783,8828.86348112106,3757.869878397248,0.7380635313903137,4.885143384184003
2687,414.76614419775467,80.50468451286416,8921.107009739802,3892.1884477737653,1.0510573980684743,4.855074530701001
2688,424.4919484138708,70.91012605053011,8890.458401704753,3930.7489462462436,2.213494969830041,3.8180351492197935
2689,452.0407113045612,70.22985745820317,8907.45592690926,4225.96870312015,2.592164019140072,4.055807384884259
2690,452.0407113045612,70.22985745820317,8907.45592690926,4225.96870312015,2.592164019140072,4.055807384884259
2691,452.0407113045612,70.22985745820317,8907.45592690926,4225.96870312015,2.592164019140072,4.055807384884259
2692,452.0407113045612,70.22985745820317,8907.45592690926,4225.96870312015,2.592164019140072,4.055807384884259
2693,452.0407113045612,70.22985745820317,8907.45592690926,4225.96870312015,2.592164019140072,4.055807384884259
2694,452.0407113045612,70.22985745820317,8907.45592690926,4225.96870312015,2.592164019140072,4.055807384884259
2695,452.2527946649185,74.63612070896501,8925.272242137518,4101.985953969801,2.3991108587576875,3.9717226906905347
2696,453.2261228476722,80.00793551778708,8829.394325639,3933.8734834806946,1.6966374610664914,3.8343577451482913
2697,462.095729542743,76.84134703372429,8796.700303677226,4039.4581818448296,1.3394636825462918,3.7063202633903045
2698,464.9966141632226,72.81280264723233,8955.50877173349,4038.0738987956784,1.4548201784337031,3.4726216810586346
2699,447.9082747674268,71.11226474983066,8406.21135469321,3747.51054552107,2.5887911349987767,3.6810678639304397
2700,447.9082747674268,71.11226474983066,8406.21135469321,3747.51054552107,2.5887911349987767,3.6810678639304397
2701,431.5906297042564,87.11798484198277,9047.386210430483,4135.718749949489,0.9854970945694805,2.587237137686807
2702,410.33075570330817,85.16221233642659,9215.651314834658,3476.178402426001,0.24323140170837185,2.800718106382211
2703,415.7720145195892,92.66361660853295,9230.988652402206,3444.055549399588,0.7441446939586276,2.81665292344286
2704,412.0342285366058,92.91804068708345,9433.390604892249,3630.2893267223703,0.902896771293729,3.074407504795246
2705,412.401789029824,96.41068569721787,9840.10083502483,3556.0313118901754,1.0150617117821654,2.04232711479768
2706,400.6226588388016,95.72539317420554,9944.859442394994,3662.5870787778904,0.7097774850019221,1.286882922049066
2707,400.6226588388016,95.72539317420554,9944.859442394994,3662.5870787778904,0.7097774850019221,1.286882922049066
2708,405.88342521733415,95.02647165227455,9915.218922456446,3666.210985941859,0.17556827633603153,1.4462455327793127
2709,405.88342521733415,95.02647165227455,9915.218922456446,3666.210985941859,0.17556827633603153,1.4462455327793127
2710,405.88342521733415,95.02647165227455,9915.218922456446,3666.210985941859,0.17556827633603153,1.4462455327793127
2711,408.4274545972164,96.30821209121243,9973.426130073372,3773.526643866467,0.45509935550170644,1.3270397631304554
2712,401.2538445121736,90.8235496338564,9952.905419778359,3756.0387899959205,0.11001676802142225,1.1964153956895573
2713,401.2538445121736,90.8235496338564,9952.905419778359,3756.0387899959205,0.11001676802142225,1.1964153956895573
2714,401.2538445121736,90.8235496338564,9952.905419778359,3756.0387899959205,0.11001676802142225,1.1964153956895573
2715,401.2538445121736,90.8235496338564,9952.905419778359,3756.0387899959205,0.11001676802142225,1.1964153956895573
2716,401.2538445121736,90.8235496338564,9952.905419778359,3756.0387899959205,0.11001676802142225,1.1964153956895573
2717,383.74697484728,75.5771348416526,9768.269698086078,3260.3878675828005,2.2376528643593043,1.5234574675545642
2718,369.3483749328307,74.81077149437418,9771.307411970745,3182.08880354168,1.894154336848419,1.7789860984115642
2719,367.3919411712068,78.63723282843264,9682.322525380943,3217.6004696479094,2.312287888281591,1.869238252836776
2720,359.4210428602169,79.86996391667913,9740.450755745489,3051.271517678788,2.4328483078105227,2.0183517885452704
2721,359.4210428602169,79.86996391667913,9740.450755745489,3051.271517678788,2.4328483078105227,2.0183517885452704
2722,359.4210428602169,79.86996391667913,9740.450755745489,3051.271517678788,2.4328483078105227,2.0183517885452704
2723,360.15313658900874,77.29946222869167,9708.345494449499,3091.1762646071693,2.749789762463062,1.7402591311926705
2724,360.15313658900874,77.29946222869167,9708.345494449499,3091.1762646071693,2.749789762463062,1.7402591311926705
2725,367.0565976973034,82.58720797621328,9845.965506313461,3251.203451908617,1.6023240997462103,1.0745980918035114
2726,364.2609247790069,90.16196156185238,9790.954301003945,3191.4347003858693,1.4244312990558285,1.1483798745955598
2727,364.2609247790069,90.16196156185238,9790.954301003945,3191.4347003858693,1.4244312990558285,1.1483798745955598
2728,364.2609247790069,90.16196156185238,9790.954301003945,3191.4347003858693,1.4244312990558285,1.1483798745955598
2729,359.4082705757027,85.92627160305092,9781.271622774693,3114.4871615326697,1.7746850436602217,1.2191113159172018
2730,359.4082705757027,85.92627160305092,9781.271622774693,3114.4871615326697,1.7746850436602217,1.2191113159172018
2731,359.4082705757027,85.92627160305092,9781.271622774693,3114.4871615326697,1.7746850436602217,1.2191113159172018
2732,359.4082705757027,85.92627160305092,9781.271622774693,3114.4871615326697,1.7746850436602217,1.2191113159172018
2733,353.79843388774975,86.49235559331302,9612.227942588492,3083.40968084848,1.6488880638036305,1.0949745538521574
2734,353.79843388774975,86.49235559331302,9612.227942588492,3083.40968084848,1.6488880638036305,1.0949745538521574
2735,369.9405993336342,81.16251759722024,9729.747428515848,3194.6151968235467,2.0491799217878826,0.9581934828127949
2736,370.48019610518094,82.6166519674832,9827.039596340705,3056.136088564389,2.0382645508110873,1.1175421471154179
2737,368.6736871496113,86.70768841014058,9817.649302167172,3307.63044274596,2.2768646851945022,1.1299822042015126
2738,368.6736871496113,86.70768841014058,9817.649302167172,3307.63044274596,2.2768646851945022,1.1299822042015126
2739,338.34724720976726,90.6270536446654,9801.413450523154,3507.389869261747,2.8680865817859673,3.383103872232237
2740,335.58353149165606,91.57257490229655,9818.032601666771,3629.616089725656,3.0174898210060723,2.816380182339702
2741,339.7212168248161,96.6104034186594,9778.170465005425,3714.04168815635,2.774454760205645,2.2684864574050887
2742,336.52385144975534,104.44185162242196,9322.754306819044,3842.5004804752707,1.2354645015882764,0.5679308744563083
2743,335.040770771617,103.8652582341872,9356.98909123944,3986.5329142465034,1.6730676080382743,1.1565488939039612
2744,354.0429348009031,101.00455481341787,9836.077082534806,4322.096210240919,1.8469166831164672,0.44831218700227815
2745,353.31653143468293,102.6683651647996,9818.775250012608,4461.598042996866,1.5018101762804221,0.1071089043467544
2746,353.31653143468293,102.6683651647996,9818.775250012608,4461.598042996866,1.5018101762804221,0.1071089043467544
2747,351.3147150763699,101.12170627875541,9952.154090631397,4453.359879340561,1.1778403796594537,0.37058061958686794
2748,357.3378557919403,98.05219889761841,9896.87950691936,4390.372337033051,0.9721669711276223,0.1900474845366148
2749,357.3378557919403,98.05219889761841,9896.87950691936,4390.372337033051,0.9721669711276223,0.1900474845366148
2750,425.24967161421466,72.84502873157301,9357.596184892414,3968.83770793055,0.6207568191135892,1.7655156813742394
2751,427.72603231259836,77.36847209464327,9432.00158022382,3869.4534679122307,0.5303224901509334,1.6730481185123087
2752,417.5388403946442,84.74157237901942,9406.549222420157,3782.005346077024,0.28234227013518387,1.6705106260221954
2753,417.5388403946442,84.74157237901942,9406.549222420157,3782.005346077024,0.28234227013518387,1.6705106260221954
2754,417.45015834818514,81.0518493640766,9499.294625970502,3642.522463764032,0.35425990939436114,1.760998349285139
2755,417.45015834818514,81.0518493640766,9499.294625970502,3642.522463764032,0.35425990939436114,1.760998349285139
2756,361.0938472621334,93.51541915453062,8959.51405231418,4248.889016715123,3.5332047889095692,0.6497583893312594
2757,362.1746149425721,94.67140803816045,9093.27328006462,4104.632870088319,3.441367233323011,0.5541180291747942
2758,364.69065617750385,93.62918413066627,8980.93872890953,3953.6919538758043,3.519185108556993,0.4872473052785927
2759,364.69065617750385,93.62918413066627,8980.93872890953,3953.6919538758043,3.519185108556993,0.4872473052785927
2760,347.7015697623966,96.76550482352299,8467.549335816599,3736.2074225408433,3.439599126097546,0.8408209996203032
2761,363.3041570334497,78.68928176308683,9189.247515753066,4192.638342589777,1.4969081575813257,1.4253428523353364
2762,361.46603747040854,80.09129216577877,9066.922164116471,4069.217252425453,1.7886334232346621,1.413267775386429
2763,356.6000193610303,73.07752425676775,8903.93850089044,4659.001812922883,1.4674274817235513,1.046276072592433
2764,351.87871725174995,74.0152155258949,8837.250758721708,4668.3618136987325,1.7237663150872007,0.9685962232965869
2765,347.21868659660976,73.86532496646439,8785.422111265552,4788.927761842044,1.5451483860630717,0.9123304116773426
2766,347.21868659660976,73.86532496646439,8785.422111265552,4788.927761842044,1.5451483860630717,0.9123304116773426
2767,339.5920600313913,78.71478692410606,8635.272529810796,4818.369959837393,1.8101637156271064,0.9466104358064727
2768,339.5920600313913,78.71478692410606,8635.272529810796,4818.369959837393,1.8101637156271064,0.9466104358064727
2769,348.2926013876707,92.31130183963757,8732.44435391266,4471.188079168543,0.27464414962254097,2.872126258359511
2770,366.6294906691529,75.04079526934657,8610.387474298659,4554.6041454013375,0.7740043794878011,3.945405750105022
2771,366.9273973750479,77.11273259577935,8524.048272660539,4493.500675232407,1.1380503065037213,4.002002024768805
2772,353.5277235814967,84.2903768750894,9622.379243029223,4787.901182500433,2.800796849347312,4.625545239207636
2773,353.5277235814967,84.2903768750894,9622.379243029223,4787.901182500433,2.800796849347312,4.625545239207636
2774,348.533675355948,85.23218533327731,9513.574844844434,4740.672729013093,3.4060268477094495,4.822683101509543
2775,348.533675355948,85.23218533327731,9513.574844844434,4740.672729013093,3.4060268477094495,4.822683101509543
2776,371.99327193711866,93.60378275624669,9351.337200030313,4978.43396028636,4.722975771594672,4.319140810982734
2777,371.99327193711866,93.60378275624669,9351.337200030313,4978.43396028636,4.722975771594672,4.319140810982734
2778,381.6792316351874,91.64272162449723,9427.392098640088,4945.900098572754,4.9406132208377445,4.169911990995667
2779,381.6792316351874,91.64272162449723,9427.392098640088,4945.900098572754,4.9406132208377445,4.169911990995667
2780,383.57856413812476,89.31625772927312,9604.441424744922,4921.216451690432,4.930544094763221,4.422321944117831
2781,395.09991487496,80.70985301681387,9578.860456536944,4640.818058025265,4.306603085019628,4.393465990274942
2782,390.8844182489526,81.48744620823037,9631.262004098806,4635.820464745493,4.325740962078383,4.620315529084257
2783,385.54198959127336,80.71871274187451,9591.921523754103,4719.756499859135,4.34588540262696,4.873884504698787
2784,379.7439509412906,81.29573987120062,9489.331484145232,4767.939973395474,4.490053955158668,4.405259985956838
2785,376.7975163578059,75.7758902179614,9492.956499987517,4738.306007146218,4.38862584498726,4.028607261137447
2786,371.39542710790073,77.67981198787788,9503.787477113454,4647.987596283393,4.117769011900163,4.3295610060551075
2787,375.70656904755833,77.58723870751446,9481.323919104649,4553.188153410476,3.9909891041800747,4.057649874009297
2788,375.70656904755833,77.58723870751446,9481.323919104649,4553.188153410476,3.9909891041800747,4.057649874009297
2789,369.4637238784403,79.86739758449932,9419.63039288374,4392.377869987085,3.700923429473569,4.138378830645428
2790,368.9129753309685,79.20078262742945,9440.416278102724,4508.897086479253,3.4498402786538453,4.063255127128195
2791,370.88068987963015,76.10256630616838,9523.509685063425,4328.559382866955,3.3552879093545074,4.066799824651998
2792,367.2326508884076,72.71937381063769,9555.356851446035,4541.022500978701,3.5441616806840823,4.336618249876089
2793,367.2326508884076,72.71937381063769,9555.356851446035,4541.022500978701,3.5441616806840823,4.336618249876089
2794,367.2326508884076,72.71937381063769,9555.356851446035,4541.022500978701,3.5441616806840823,4.336618249876089
2795,374.0602908624606,86.09215525762824,9713.566288267712,4465.671201242158,3.0303482684522005,4.97314171887064
2796,374.0602908624606,86.09215525762824,9713.566288267712,4465.671201242158,3.0303482684522005,4.97314171887064
2797,365.4873305397671,77.40940664665126,9548.909892985464,4819.459610328226,0.9013533508107371,4.088785219346286
2798,365.4873305397671,77.40940664665126,9548.909892985464,4819.459610328226,0.9013533508107371,4.088785219346286
2799,361.8055999387809,72.67669389134872,9442.797559830364,4739.1946088799905,0.6385215965706791,4.090160365852835
2800,361.84947584804195,71.12499872700772,9540.718421678634,4771.707555408757,0.4187169976131053,4.2566753770076735
2801,361.84947584804195,71.12499872700772,9540.718421678634,4771.707555408757,0.4187169976131053,4.2566753770076735
2802,369.73910646668503,72.04638385055273,9469.90502477616,4547.301968542012,0.6751626904383514,4.353138387109766
2803,369.73910646668503,72.04638385055273,9469.90502477616,4547.301968542012,0.6751626904383514,4.353138387109766
2804,379.10355242900096,72.61542956408822,9493.217807837329,4541.084050456024,0.2963516376288168,4.222313765087625
2805,379.10355242900096,72.61542956408822,9493.217807837329,4541.084050456024,0.2963516376288168,4.222313765087625
2806,379.10355242900096,72.61542956408822,9493.217807837329,4541.084050456024,0.2963516376288168,4.222313765087625
2807,385.09560102196497,70.19795941442526,9620.669918178752,4746.013979620061,0.35113484203565304,4.328761355450028
2808,385.09560102196497,70.19795941442526,9620.669918178752,4746.013979620061,0.35113484203565304,4.328761355450028
2809,385.09560102196497,70.19795941442526,9620.669918178752,4746.013979620061,0.35113484203565304,4.328761355450028
2810,385.09560102196497,70.19795941442526,9620.669918178752,4746.013979620061,0.35113484203565304,4.328761355450028
2811,378.9122887863844,70.55393879115788,9662.100675106345,4612.042635614147,0.3188926605794169,4.0341253217214454
2812,378.9122887863844,70.55393879115788,9662.100675106345,4612.042635614147,0.3188926605794169,4.0341253217214454
2813,378.9122887863844,70.55393879115788,9662.100675106345,4612.042635614147,0.3188926605794169,4.0341253217214454
2814,378.9122887863844,70.55393879115788,9662.100675106345,4612.042635614147,0.3188926605794169,4.0341253217214454
2815,378.9122887863844,70.55393879115788,9662.100675106345,4612.042635614147,0.3188926605794169,4.0341253217214454
2816,378.9122887863844,70.55393879115788,9662.100675106345,4612.042635614147,0.3188926605794169,4.0341253217214454
2817,378.9122887863844,70.55393879115788,9662.100675106345,4612.042635614147,0.3188926605794169,4.0341253217214454
2818,372.1453236031482,73.32935388555721,9508.934501589614,4602.947408760799,0.26711672953668136,3.8236148490119923
2819,372.93058973960933,74.8255231520867,9562.218363532007,4619.719808127777,0.6775656753266744,3.8998911952444173
2820,384.1338667287031,74.92266680953672,9620.520576663572,4501.7788565839055,0.9323454795272063,4.193120844364165
2821,388.8315947487683,74.30920285027206,9580.402287053044,4445.688945625776,1.038500210406243,4.293090971751263
2822,388.8315947487683,74.30920285027206,9580.402287053044,4445.688945625776,1.038500210406243,4.293090971751263
2823,388.434187915028,72.22244127933985,9733.598467080783,4571.22247528505,0.7834926255097677,4.573573369355809
2824,388.1635476147424,74.25002286112831,9656.062501608834,4770.921424741269,0.2266681379772203,4.626260665492851
2825,388.1635476147424,74.25002286112831,9656.062501608834,4770.921424741269,0.2266681379772203,4.626260665492851
2826,388.1635476147424,74.25002286112831,9656.062501608834,4770.921424741269,0.2266681379772203,4.626260665492851
2827,376.9917494810828,81.98102182531902,9891.54584759419,4655.656690021157,0.27243989403444246,4.11425754860967
2828,372.6893393263971,82.85788575413943,9801.475850582308,4501.889794272981,0.474960742300253,3.929567927734737
2829,372.93317961123296,86.59345877770424,9787.532065623627,4524.3848584410825,0.6323147414697169,4.401081910087314
2830,372.93317961123296,86.59345877770424,9787.532065623627,4524.3848584410825,0.6323147414697169,4.401081910087314
2831,382.46687344802945,124.35709969778279,9920.314334651734,3887.1521340997283,1.0577623878046383,4.187971008639474
2832,378.50003792324094,128.56149480203948,9974.566763417624,3860.3276372512405,1.077662534013946,4.069842378479536
2833,382.44041197197555,130.08854381693317,9902.421239216626,3813.879921011474,1.1128156348890714,4.150145478518745
2834,370.140809306471,135.1111201917338,9930.773080675643,3583.022976160353,0.48167267040051553,2.561444436732853
2835,366.8171393540565,136.04826370183747,9792.266751202365,3634.4651415692324,0.3092710037172626,2.309860901733541
2836,349.7165444228965,137.47523959527004,9372.522214545821,3904.926155071489,0.13459330048986062,4.194290649501588
2837,349.7165444228965,137.47523959527004,9372.522214545821,3904.926155071489,0.13459330048986062,4.194290649501588
2838,355.3862867185222,132.5102635241216,9440.821326941881,3886.8423714982277,0.462098305664846,4.842934719907824
2839,355.3862867185222,132.5102635241216,9440.821326941881,3886.8423714982277,0.462098305664846,4.842934719907824
2840,361.54751011126405,133.2618711792408,9505.01644296867,3948.5414490711146,0.940156240753431,4.9075636660887225
2841,361.54751011126405,133.2618711792408,9505.01644296867,3948.5414490711146,0.940156240753431,4.9075636660887225
2842,361.54751011126405,133.2618711792408,9505.01644296867,3948.5414490711146,0.940156240753431,4.9075636660887225
2843,361.54751011126405,133.2618711792408,9505.01644296867,3948.5414490711146,0.940156240753431,4.9075636660887225
2844,361.54751011126405,133.2618711792408,9505.01644296867,3948.5414490711146,0.940156240753431,4.9075636660887225
2845,361.54751011126405,133.2618711792408,9505.01644296867,3948.5414490711146,0.940156240753431,4.9075636660887225
2846,362.8113353337903,138.49977002431388,9519.1278281273,4028.011607350418,1.0418948746382655,4.838936259204964
2847,363.6075375185449,134.7594809046085,9490.92129397588,3984.288009790735,1.0162773351366905,4.900378130869979
2848,369.27742523348536,116.55267305100533,9461.550768038922,4412.5014568290435,3.38643718202716,3.9453716061098847
2849,372.35233128212,112.99360659131857,9366.049240098579,4431.817735124844,3.429064496741764,3.6993548549682176
2850,372.6944893481452,114.23707268563979,9373.912470919571,4404.742757884377,3.468709655968499,3.5333782307659645
2851,355.59870825488497,133.9323160497567,9840.238711497574,4222.3771352016165,1.5731217168432878,3.132051801151388
2852,379.66033745625487,137.34279561719484,9403.014740118559,4182.052852518772,2.6953478349790307,4.036395572500614
2853,349.5808095162814,143.2041941070301,9845.620126393842,3078.01069604951,0.7211694285022402,3.505408075553016
2854,349.0874867830206,144.7894284048117,9790.188717437442,3115.0683732955454,0.7216934720526726,3.4804432156346627
2855,346.7984990437748,146.2915406961996,9758.01821648364,3062.9570823640092,0.4337464353742143,4.282836141917518
2856,352.9586274276768,148.66347594729032,9703.920538027662,3340.7628299583344,0.34358205689754917,4.261663553997542
2857,352.9586274276768,148.66347594729032,9703.920538027662,3340.7628299583344,0.34358205689754917,4.261663553997542
2858,352.9586274276768,148.66347594729032,9703.920538027662,3340.7628299583344,0.34358205689754917,4.261663553997542
2859,352.9586274276768,148.66347594729032,9703.920538027662,3340.7628299583344,0.34358205689754917,4.261663553997542
2860,352.9586274276768,148.66347594729032,9703.920538027662,3340.7628299583344,0.34358205689754917,4.261663553997542
2861,352.9586274276768,148.66347594729032,9703.920538027662,3340.7628299583344,0.34358205689754917,4.261663553997542
2862,357.25592981817135,147.45989483012602,9811.392729325094,3066.9611841726646,0.37463776630124423,4.393315395017168
2863,359.76308415607696,147.66933788495905,9814.368095180402,3008.0624349855443,0.1811247436268778,4.079463957832446
2864,359.76308415607696,147.66933788495905,9814.368095180402,3008.0624349855443,0.1811247436268778,4.079463957832446
2865,359.76308415607696,147.66933788495905,9814.368095180402,3008.0624349855443,0.1811247436268778,4.079463957832446
2866,359.76308415607696,147.66933788495905,9814.368095180402,3008.0624349855443,0.1811247436268778,4.079463957832446
2867,359.76308415607696,147.66933788495905,9814.368095180402,3008.0624349855443,0.1811247436268778,4.079463957832446
2868,361.51874407163245,149.86993977300187,9800.450103770394,3071.9792422874607,0.3008354670890674,4.014908506248362
2869,357.06240454387705,145.39939065004017,9771.357406544268,3108.238915713859,0.6748984667104331,4.180783964926728
2870,361.4337856259833,142.06194198130623,9777.851352603866,3010.0385352834696,0.3743773363347035,4.266894846794104
2871,364.6396373962828,146.1427055149079,9678.834922640055,3019.642172969881,0.5857941862262603,4.095570004046678
2872,364.6396373962828,146.1427055149079,9678.834922640055,3019.642172969881,0.5857941862262603,4.095570004046678
2873,364.6396373962828,146.1427055149079,9678.834922640055,3019.642172969881,0.5857941862262603,4.095570004046678
2874,361.4590559352052,144.59992772943403,9685.06275299672,3135.019048117089,0.31508532177645576,4.069789877721596
2875,356.33963547131395,145.79304497076726,9630.208577135769,3123.224622015716,0.19109623183408497,4.227605740078003
2876,350.7166560225736,146.87166115144947,9650.668126531751,3087.399001642532,0.42024575279501086,4.721122400052638
2877,350.7166560225736,146.87166115144947,9650.668126531751,3087.399001642532,0.42024575279501086,4.721122400052638
2878,350.7166560225736,146.87166115144947,9650.668126531751,3087.399001642532,0.42024575279501086,4.721122400052638
2879,355.85495577442873,145.59219526348272,9591.288517588748,3051.6184610001064,0.4918671984673958,4.798706844201855
2880,357.7104283667284,144.9432972249192,9673.127939355703,3001.457020933603,0.21272689219161325,4.886080549417955
2881,357.7104283667284,144.9432972249192,9673.127939355703,3001.457020933603,0.21272689219161325,4.886080549417955
2882,354.8353219953601,146.2179936427219,9707.827239508053,3050.3709782115143,0.30247819605933124,4.519890587295232
2883,354.8353219953601,146.2179936427219,9707.827239508053,3050.3709782115143,0.30247819605933124,4.519890587295232
2884,346.9535765824462,144.73015104016508,9787.082731059856,3092.276588756011,0.3718069712884219,4.362879944710383
2885,336.9837374727653,146.8535605902441,9698.828708619514,3136.981852517094,0.29444223681919846,4.727515677432762
2886,336.9837374727653,146.8535605902441,9698.828708619514,3136.981852517094,0.29444223681919846,4.727515677432762
2887,336.9837374727653,146.8535605902441,9698.828708619514,3136.981852517094,0.29444223681919846,4.727515677432762
2888,336.9837374727653,146.8535605902441,9698.828708619514,3136.981852517094,0.29444223681919846,4.727515677432762
2889,336.9837374727653,146.8535605902441,9698.828708619514,3136.981852517094,0.29444223681919846,4.727515677432762
2890,336.9837374727653,146.8535605902441,9698.828708619514,3136.981852517094,0.29444223681919846,4.727515677432762
2891,336.9837374727653,146.8535605902441,9698.828708619514,3136.981852517094,0.29444223681919846,4.727515677432762
2892,336.9837374727653,146.8535605902441,9698.828708619514,3136.981852517094,0.29444223681919846,4.727515677432762
2893,336.9837374727653,146.8535605902441,9698.828708619514,3136.981852517094,0.29444223681919846,4.727515677432762
2894,336.9837374727653,146.8535605902441,9698.828708619514,3136.981852517094,0.29444223681919846,4.727515677432762
2895,346.25186645305774,146.63571645706128,9752.027231937589,3020.8450517596707,0.4364453153890009,4.987985478835503
2896,346.25186645305774,146.63571645706128,9752.027231937589,3020.8450517596707,0.4364453153890009,4.987985478835503
2897,346.25186645305774,146.63571645706128,9752.027231937589,3020.8450517596707,0.4364453153890009,4.987985478835503
2898,346.25186645305774,146.63571645706128,9752.027231937589,3020.8450517596707,0.4364453153890009,4.987985478835503
2899,346.25186645305774,146.63571645706128,9752.027231937589,3020.8450517596707,0.4364453153890009,4.987985478835503
2900,346.25186645305774,146.63571645706128,9752.027231937589,3020.8450517596707,0.4364453153890009,4.987985478835503
2901,346.25186645305774,146.63571645706128,9752.027231937589,3020.8450517596707,0.4364453153890009,4.987985478835503
2902,346.25186645305774,146.63571645706128,9752.027231937589,3020.8450517596707,0.4364453153890009,4.987985478835503
2903,346.25186645305774,146.63571645706128,9752.027231937589,3020.8450517596707,0.4364453153890009,4.987985478835503
2904,346.25186645305774,146.63571645706128,9752.027231937589,3020.8450517596707,0.4364453153890009,4.987985478835503
2905,346.25186645305774,146.63571645706128,9752.027231937589,3020.8450517596707,0.4364453153890009,4.987985478835503
2906,346.25186645305774,146.63571645706128,9752.027231937589,3020.8450517596707,0.4364453153890009,4.987985478835503
2907,346.25186645305774,146.63571645706128,9752.027231937589,3020.8450517596707,0.4364453153890009,4.987985478835503
2908,339.3374202883052,145.57099452719837,9853.868043323613,3094.1906259362445,0.48355298543859804,4.73310821644242
2909,339.3374202883052,145.57099452719837,9853.868043323613,3094.1906259362445,0.48355298543859804,4.73310821644242
2910,331.32134934656807,127.7627542248465,9706.003431025916,3873.1383634161343,0.13347245712379824,3.3969095676589887
2911,331.32134934656807,127.7627542248465,9706.003431025916,3873.1383634161343,0.13347245712379824,3.3969095676589887
2912,331.7255674386812,137.9105298398228,9610.251140400658,3659.757320202617,2.231167070722464,2.7422475649526916
2913,336.22097173308885,148.250680885702,9641.641957705115,3681.5067340896285,2.5924908153433983,2.912895961421651
2914,335.11364103448676,144.6010393839645,9766.515470979279,3597.982167466661,2.8590029640492918,3.4859969053134288
2915,363.8311360613669,125.99488587681992,9823.673613807645,3313.217315462454,3.557533733388781,3.175721150231004
2916,368.4594570467735,119.4805140717952,9690.369478341909,3409.09762215008,3.4577871255163983,3.143566629415968
2917,368.4594570467735,119.4805140717952,9690.369478341909,3409.09762215008,3.4577871255163983,3.143566629415968
2918,360.4667271758311,118.31411563353153,9601.792957608164,3341.8624579197744,3.6440384256321923,3.0470390863744674
2919,364.86735922409673,116.57578488264969,9564.012954540704,3354.77310912154,4.181386744942555,3.1491162270459876
2920,364.94616360005756,114.76188048483091,9393.48014933886,3131.149580042621,3.859641604993495,3.152166318133041
2921,373.5752599770106,122.71428773148455,9374.577423219736,3175.580978097103,3.6028664279428875,3.2364026252394567
2922,381.43821987698254,117.63548895533859,9348.80814034975,3242.0822874211844,4.009098573241094,3.5892222738628794
2923,369.65509201256094,118.57640910491381,9284.16130968255,3245.9777840689276,4.272978376516484,3.4344956165435288
2924,369.65509201256094,118.57640910491381,9284.16130968255,3245.9777840689276,4.272978376516484,3.4344956165435288
2925,371.78018129788416,115.82463392587213,9265.362607163992,3054.1628869638384,4.080470083410717,3.435641914013315
2926,372.90351765805985,117.98427525462873,9131.271713905107,3258.468978466677,4.3894891912072085,3.236286625504118
2927,408.29103784271973,105.60619287196644,8965.956925878141,4738.978223802086,3.5040473525819955,3.081398363042298
2928,383.09815123116255,72.27084086858301,9977.426996397622,4561.582160365093,3.5186575162413156,2.7784188862752908
2929,383.09815123116255,72.27084086858301,9977.426996397622,4561.582160365093,3.5186575162413156,2.7784188862752908
2930,383.09815123116255,72.27084086858301,9977.426996397622,4561.582160365093,3.5186575162413156,2.7784188862752908
2931,383.09815123116255,72.27084086858301,9977.426996397622,4561.582160365093,3.5186575162413156,2.7784188862752908
2932,383.09815123116255,72.27084086858301,9977.426996397622,4561.582160365093,3.5186575162413156,2.7784188862752908
2933,381.64405774391133,72.95555885521497,9979.410627027852,4345.955575242136,2.770424202875306,2.5532631129189585
2934,379.6437338529657,73.05553972342166,9887.512779953515,4272.389909597049,2.854641589956703,2.799623016684565
2935,379.6437338529657,73.05553972342166,9887.512779953515,4272.389909597049,2.854641589956703,2.799623016684565
2936,381.61335717113286,71.417549435445,9807.15185100392,4237.306427475793,2.3329596601745846,3.0539029072425055
2937,381.61335717113286,71.417549435445,9807.15185100392,4237.306427475793,2.3329596601745846,3.0539029072425055
2938,379.5271628048547,78.9813242814672,9791.687461965153,4116.85113168639,2.3167825491241727,3.015086715593308
2939,373.65706061243367,82.15019876989223,9756.18072836895,4204.944011985626,2.1083394538138225,3.015410463408197
2940,376.18983727114295,77.37831604038213,9762.334925241883,4180.821507937273,2.1051824283075913,2.992735818559676
2941,365.5257353703431,83.32079827283324,9856.316125917558,4367.2737618055,1.8741664964473679,2.8255933415475023
2942,366.5961982447874,77.91959473682675,9748.584923420987,4395.893158116849,2.0590739916119447,3.0897241019400288
2943,363.38198866896613,82.96941923522452,9724.25001071411,4432.327486493047,1.7075081784719677,3.322898677085959
2944,349.0655286097569,71.39137582532696,9440.004066733163,4594.001267979649,2.6321605505956396,3.199821757793055
2945,358.8386647096398,73.38097813874379,9278.201418369516,4433.794607787471,2.476490921105509,3.0523670762933994
2946,357.5363010577355,77.92601762184644,9374.221002027534,4492.811110795879,2.6855610374392143,2.656166123607812
2947,380.8803381709404,74.41025268141956,9377.430795947626,3927.5500062176247,1.1144770028480244,2.774567394232031
2948,408.740205108192,74.93064420736236,9381.619117428374,3922.0550036451004,0.8401381488867709,2.586613930873105
2949,399.3098759862245,74.12762955694227,9510.31424235973,3969.812882347291,0.8218928443308816,2.8298719340933274
2950,331.12275468450207,81.81270288745505,9016.09878156308,4554.557592948436,3.5932181911603203,2.4459324087984933
2951,331.12275468450207,81.81270288745505,9016.09878156308,4554.557592948436,3.5932181911603203,2.4459324087984933
2952,333.4053097844478,82.90720243717466,8883.203174972154,4514.575187215845,3.6679580360686104,2.083374661337019
2953,333.4053097844478,82.90720243717466,8883.203174972154,4514.575187215845,3.6679580360686104,2.083374661337019
2954,333.4053097844478,82.90720243717466,8883.203174972154,4514.575187215845,3.6679580360686104,2.083374661337019
2955,338.02246720984556,77.57325556071736,8797.038182035869,4607.284242074765,3.7088831520446797,2.261495843716174
2956,341.41532711840017,79.8516057920822,8642.127830598472,4540.962904234785,3.736877966927137,2.776840425124226
2957,339.2836495928268,80.41371594791444,8622.495539500704,4551.130796179472,4.330199041441927,3.028864725049399
2958,334.42729532504893,78.2675767073966,8536.938106412312,4808.923667561019,4.245963629847079,2.7865170415477274
2959,343.2772904842283,75.36017835704901,8725.234293068996,4639.191877563807,4.238263492652033,2.83703608351289
2960,343.2772904842283,75.36017835704901,8725.234293068996,4639.191877563807,4.238263492652033,2.83703608351289
2961,360.4483399959106,78.21506044779917,8301.385091556089,4228.028486449168,3.06079954188786,2.8917628956559613
2962,360.4483399959106,78.21506044779917,8301.385091556089,4228.028486449168,3.06079954188786,2.8917628956559613
2963,372.7656954374604,73.46452463092618,8340.350133038724,4090.4420567243824,3.2245447017995263,3.018119096275627
2964,366.3299066378111,76.87389932060366,8234.860761707718,4113.684139427198,3.2325888648724552,2.4479885836038213
2965,366.22459066708115,77.66047079236358,8240.812536976864,4138.0464498041165,3.3862420417089214,2.604378441744934
2966,366.22459066708115,77.66047079236358,8240.812536976864,4138.0464498041165,3.3862420417089214,2.604378441744934
2967,404.460046152063,71.08855201198007,8635.820971766652,3594.536806506472,3.6303349264072398,2.523048603899822
2968,404.460046152063,71.08855201198007,8635.820971766652,3594.536806506472,3.6303349264072398,2.523048603899822
2969,400.8645143733984,74.79985343636517,8578.467253828618,3540.0161934067028,3.733587211181129,2.627057291728689
2970,395.1789166098507,85.84390216468513,8416.819142978416,3661.483311237344,3.5971438412142764,2.545051158242866
2971,386.9818517364787,73.63687095694848,8116.381496406959,4000.7948297242883,3.7599667461682356,1.033347842064537
2972,386.9818517364787,73.63687095694848,8116.381496406959,4000.7948297242883,3.7599667461682356,1.033347842064537
2973,386.9818517364787,73.63687095694848,8116.381496406959,4000.7948297242883,3.7599667461682356,1.033347842064537
2974,386.9818517364787,73.63687095694848,8116.381496406959,4000.7948297242883,3.7599667461682356,1.033347842064537
2975,395.05548578529465,70.00553929275603,8023.645265799181,4130.087314074138,4.214435523103061,0.7680028546123656
2976,390.461181605524,71.23255504027296,8027.023464696675,4085.1245799146886,4.043689245717007,0.42614938259048485
2977,385.3622334044066,71.33238762301131,8138.664416182349,4175.756566845735,4.015241611223653,0.5060008493749688
2978,377.9608542309057,71.73891124083217,8201.995846656175,4519.7568607700605,4.134448461134718,0.12752330042746038
2979,377.9608542309057,71.73891124083217,8201.995846656175,4519.7568607700605,4.134448461134718,0.12752330042746038
2980,377.9608542309057,71.73891124083217,8201.995846656175,4519.7568607700605,4.134448461134718,0.12752330042746038
2981,383.5679415173963,74.37952167229867,8243.782084248483,4511.151797061776,4.032251815012328,0.18582996445284627
2982,383.5679415173963,74.37952167229867,8243.782084248483,4511.151797061776,4.032251815012328,0.18582996445284627
2983,370.461489578435,92.15103520326821,8915.862475901089,4813.32648519542,2.7507077684217736,0.7890254682305873
2984,370.461489578435,92.15103520326821,8915.862475901089,4813.32648519542,2.7507077684217736,0.7890254682305873
2985,370.461489578435,92.15103520326821,8915.862475901089,4813.32648519542,2.7507077684217736,0.7890254682305873
2986,356.40909072039,77.42333302083739,9328.914966511189,4113.914505308998,2.4232164071410414,0.8561920963394983
2987,356.7039178466351,78.83628332681289,9081.456604217268,3997.5890695179933,2.394557571272238,0.7671109106518698
2988,347.050664620667,76.07983111488088,9154.739906792516,3861.0385427761807,2.095554387155779,0.8336883960470889
2989,342.3638841967626,75.34365716059615,9165.14419032964,3768.3566729894637,2.291006755067218,0.9544087675809909
2990,342.3638841967626,75.34365716059615,9165.14419032964,3768.3566729894637,2.291006755067218,0.9544087675809909
2991,342.3638841967626,75.34365716059615,9165.14419032964,3768.3566729894637,2.291006755067218,0.9544087675809909
2992,347.5412976332242,75.24926077052719,9169.184129021349,3722.1914106484373,2.1051667482356042,0.9765523804000676
2993,348.38676075605093,73.1860785100488,9103.96986221796,3580.9112705702255,1.916119007015794,1.045280273155894
2994,337.5100541045217,89.94798981029776,9852.931930896382,3197.1129837809904,0.9488521072805859,2.3973419321966483
2995,338.5058763989675,88.46843758202178,9743.904884766056,3244.0071767654813,1.145413610910382,2.638619217819805
2996,340.69786751813155,82.58047942889095,9663.979785904397,3144.851742659256,1.4711442359110203,2.583294125082558
2997,351.082164586388,79.25021544888425,9772.231663118884,3177.8026602580826,1.1914654829815563,2.6510645642721324
2998,351.082164586388,79.25021544888425,9772.231663118884,3177.8026602580826,1.1914654829815563,2.6510645642721324
2999,375.0234964626385,79.2213486747601,9922.192787113378,3183.9111604168843,4.6577694434308325,2.3503698338969903
